0 1.000000
1 0.988017
2 0.976246
3 0.964967
4 0.953951
5 0.943210
6 0.932787
7 0.922870
8 0.913294
9 0.903940
10 0.894800
11 0.885877
12 0.877148
13 0.868524
14 0.860084
15 0.851857
16 0.843756
17 0.835831
18 0.828076
19 0.820509
20 0.813112
21 0.805895
22 0.798893
23 0.792085
24 0.785476
25 0.779033
26 0.772688
27 0.766447
28 0.760320
29 0.754326
30 0.748465
31 0.742712
32 0.737058
33 0.731478
34 0.725970
35 0.720519
36 0.715120
37 0.709761
38 0.704428
39 0.699104
40 0.693770
41 0.688475
42 0.683221
43 0.678040
44 0.672917
45 0.667835
46 0.662783
47 0.657763
48 0.652786
49 0.647842
50 0.642920
51 0.638020
52 0.633171
53 0.628382
54 0.623656
55 0.618994
56 0.614386
57 0.609814
58 0.605293
59 0.600806
60 0.596352
61 0.591946
62 0.587575
63 0.583250
64 0.578983
65 0.574777
66 0.570648
67 0.566591
68 0.562606
69 0.558686
70 0.554831
71 0.551039
72 0.547329
73 0.543695
74 0.540127
75 0.536624
76 0.533189
77 0.529825
78 0.526533
79 0.523306
80 0.520141
81 0.517036
82 0.513980
83 0.510982
84 0.508029
85 0.505118
86 0.502248
87 0.499426
88 0.496646
89 0.493910
90 0.491214
91 0.488563
92 0.485942
93 0.483343
94 0.480767
95 0.478215
96 0.475702
97 0.473231
98 0.470807
99 0.468427
100 0.466077
101 0.463746
102 0.461431
103 0.459139
104 0.456867
105 0.454625
106 0.452415
107 0.450226
108 0.448069
109 0.445935
110 0.443827
111 0.441739
112 0.439657
113 0.437569
114 0.435491
115 0.433439
116 0.431418
117 0.429435
118 0.427478
119 0.425542
120 0.423632
121 0.421755
122 0.419909
123 0.418083
124 0.416274
125 0.414486
126 0.412717
127 0.410967
128 0.409239
129 0.407530
130 0.405839
131 0.404173
132 0.402529
133 0.400903
134 0.399307
135 0.397736
136 0.396189
137 0.394661
138 0.393150
139 0.391658
140 0.390178
141 0.388705
142 0.387239
143 0.385770
144 0.384296
145 0.382823
146 0.381362
147 0.379907
148 0.378452
149 0.377004
150 0.375565
151 0.374139
152 0.372718
153 0.371308
154 0.369901
155 0.368498
156 0.367091
157 0.365670
158 0.364242
159 0.362810
160 0.361378
161 0.359945
162 0.358508
163 0.357073
164 0.355644
165 0.354218
166 0.352791
167 0.351356
168 0.349912
169 0.348460
170 0.346999
171 0.345529
172 0.344053
173 0.342569
174 0.341074
175 0.339565
176 0.338042
177 0.336506
178 0.334954
179 0.333379
180 0.331776
181 0.330147
182 0.328498
183 0.326835
184 0.325163
185 0.323483
186 0.321794
187 0.320101
188 0.318399
189 0.316690
190 0.314975
191 0.313255
192 0.311534
193 0.309813
194 0.308097
195 0.306389
196 0.304693
197 0.303003
198 0.301314
199 0.299630
200 0.297954
201 0.296279
202 0.294601
203 0.292921
204 0.291237
205 0.289551
206 0.287867
207 0.286190
208 0.284523
209 0.282868
210 0.281218
211 0.279571
212 0.277929
213 0.276291
214 0.274663
215 0.273047
216 0.271446
217 0.269859
218 0.268288
219 0.266732
220 0.265187
221 0.263655
222 0.262133
223 0.260618
224 0.259108
225 0.257603
226 0.256108
227 0.254620
228 0.253140
229 0.251663
230 0.250193
231 0.248729
232 0.247275
233 0.245830
234 0.244399
235 0.242976
236 0.241560
237 0.240158
238 0.238768
239 0.237384
240 0.236009
241 0.234643
242 0.233294
243 0.231960
244 0.230640
245 0.229336
246 0.228050
247 0.226777
248 0.225521
249 0.224284
250 0.223065
251 0.221862
252 0.220673
253 0.219500
254 0.218342
255 0.217193
256 0.216053
257 0.214920
258 0.213794
259 0.212676
260 0.211565
261 0.210465
262 0.209377
263 0.208301
264 0.207236
265 0.206184
266 0.205141
267 0.204109
268 0.203090
269 0.202082
270 0.201085
271 0.200099
272 0.199123
273 0.198159
274 0.197207
275 0.196266
276 0.195337
277 0.194411
278 0.193484
279 0.192552
280 0.191619
281 0.190684
282 0.189744
283 0.188804
284 0.187863
285 0.186917
286 0.185964
287 0.185005
288 0.184042
289 0.183077
290 0.182110
291 0.181144
292 0.180187
293 0.179242
294 0.178310
295 0.177390
296 0.176481
297 0.175586
298 0.174700
299 0.173823
300 0.172955
301 0.172097
302 0.171246
303 0.170402
304 0.169566
305 0.168740
306 0.167924
307 0.167119
308 0.166323
309 0.165530
310 0.164742
311 0.163960
312 0.163181
313 0.162405
314 0.161628
315 0.160855
316 0.160083
317 0.159312
318 0.158539
319 0.157765
320 0.156986
321 0.156203
322 0.155416
323 0.154626
324 0.153833
325 0.153037
326 0.152238
327 0.151439
328 0.150643
329 0.149851
330 0.149059
331 0.148270
332 0.147487
333 0.146709
334 0.145934
335 0.145159
336 0.144380
337 0.143598
338 0.142812
339 0.142023
340 0.141233
341 0.140443
342 0.139654
343 0.138867
344 0.138085
345 0.137304
346 0.136529
347 0.135759
348 0.134992
349 0.134227
350 0.133465
351 0.132705
352 0.131950
353 0.131197
354 0.130446
355 0.129696
356 0.128943
357 0.128187
358 0.127428
359 0.126669
360 0.125908
361 0.125146
362 0.124385
363 0.123625
364 0.122867
365 0.122112
366 0.121360
367 0.120609
368 0.119858
369 0.119107
370 0.118355
371 0.117604
372 0.116858
373 0.116119
374 0.115387
375 0.114660
376 0.113940
377 0.113225
378 0.112518
379 0.111817
380 0.111123
381 0.110439
382 0.109761
383 0.109093
384 0.108436
385 0.107789
386 0.107151
387 0.106523
388 0.105903
389 0.105290
390 0.104682
391 0.104077
392 0.103473
393 0.102873
394 0.102274
395 0.101674
396 0.101074
397 0.100471
398 0.099865
399 0.099259
400 0.098651
401 0.098042
402 0.097431
403 0.096819
404 0.096208
405 0.095597
406 0.094984
407 0.094368
408 0.093746
409 0.093121
410 0.092491
411 0.091858
412 0.091222
413 0.090582
414 0.089940
415 0.089296
416 0.088652
417 0.088007
418 0.087362
419 0.086715
420 0.086068
421 0.085421
422 0.084777
423 0.084134
424 0.083490
425 0.082843
426 0.082192
427 0.081539
428 0.080886
429 0.080233
430 0.079577
431 0.078920
432 0.078262
433 0.077606
434 0.076951
435 0.076293
436 0.075634
437 0.074973
438 0.074311
439 0.073651
440 0.072996
441 0.072347
442 0.071703
443 0.071066
444 0.070437
445 0.069816
446 0.069203
447 0.068598
448 0.067999
449 0.067408
450 0.066824
451 0.066248
452 0.065680
453 0.065121
454 0.064570
455 0.064026
456 0.063488
457 0.062955
458 0.062428
459 0.061906
460 0.061389
461 0.060876
462 0.060368
463 0.059866
464 0.059368
465 0.058874
466 0.058385
467 0.057898
468 0.057417
469 0.056943
470 0.056481
471 0.056035
472 0.055605
473 0.055191
474 0.054790
475 0.054400
476 0.054023
477 0.053657
478 0.053298
479 0.052948
480 0.052605
481 0.052270
482 0.051942
483 0.051621
484 0.051306
485 0.050996
486 0.050690
487 0.050388
488 0.050088
489 0.049790
490 0.049493
491 0.049194
492 0.048895
493 0.048596
494 0.048296
495 0.048001
496 0.047711
497 0.047427
498 0.047149
499 0.046878
500 0.046613
501 0.046353
502 0.046099
503 0.045853
504 0.045614
505 0.045385
506 0.045164
507 0.044952
508 0.044748
509 0.044551
510 0.044362
511 0.044181
512 0.044005
513 0.043838
514 0.043679
515 0.043527
516 0.043383
517 0.043248
518 0.043120
519 0.042999
520 0.042885
521 0.042775
522 0.042670
523 0.042571
524 0.042476
525 0.042384
526 0.042293
527 0.042207
528 0.042127
529 0.042052
530 0.041983
531 0.041917
532 0.041854
533 0.041792
534 0.041730
535 0.041667
536 0.041603
537 0.041536
538 0.041467
539 0.041397
540 0.041325
541 0.041253
542 0.041179
543 0.041103
544 0.041026
545 0.040945
546 0.040863
547 0.040779
548 0.040693
549 0.040607
550 0.040524
551 0.040443
552 0.040366
553 0.040291
554 0.040218
555 0.040145
556 0.040069
557 0.039988
558 0.039900
559 0.039807
560 0.039708
561 0.039603
562 0.039493
563 0.039378
564 0.039257
565 0.039129
566 0.038996
567 0.038856
568 0.038711
569 0.038561
570 0.038405
571 0.038243
572 0.038075
573 0.037902
574 0.037725
575 0.037545
576 0.037361
577 0.037174
578 0.036985
579 0.036794
580 0.036601
581 0.036410
582 0.036219
583 0.036030
584 0.035843
585 0.035660
586 0.035480
587 0.035303
588 0.035128
589 0.034955
590 0.034785
591 0.034617
592 0.034451
593 0.034286
594 0.034125
595 0.033968
596 0.033816
597 0.033671
598 0.033534
599 0.033403
600 0.033280
601 0.033160
602 0.033043
603 0.032928
604 0.032815
605 0.032705
606 0.032600
607 0.032498
608 0.032403
609 0.032314
610 0.032231
611 0.032156
612 0.032088
613 0.032024
614 0.031965
615 0.031909
616 0.031857
617 0.031810
618 0.031769
619 0.031732
620 0.031700
621 0.031674
622 0.031655
623 0.031643
624 0.031636
625 0.031636
626 0.031642
627 0.031659
628 0.031686
629 0.031723
630 0.031768
631 0.031823
632 0.031886
633 0.031958
634 0.032037
635 0.032124
636 0.032216
637 0.032313
638 0.032413
639 0.032517
640 0.032625
641 0.032737
642 0.032855
643 0.032976
644 0.033098
645 0.033221
646 0.033345
647 0.033470
648 0.033594
649 0.033719
650 0.033847
651 0.033977
652 0.034109
653 0.034242
654 0.034377
655 0.034514
656 0.034655
657 0.034797
658 0.034941
659 0.035087
660 0.035234
661 0.035381
662 0.035529
663 0.035675
664 0.035820
665 0.035964
666 0.036108
667 0.036249
668 0.036389
669 0.036525
670 0.036659
671 0.036790
672 0.036918
673 0.037045
674 0.037169
675 0.037293
676 0.037413
677 0.037529
678 0.037642
679 0.037752
680 0.037858
681 0.037965
682 0.038069
683 0.038173
684 0.038276
685 0.038378
686 0.038478
687 0.038576
688 0.038675
689 0.038773
690 0.038869
691 0.038964
692 0.039055
693 0.039144
694 0.039230
695 0.039312
696 0.039388
697 0.039461
698 0.039529
699 0.039595
700 0.039658
701 0.039719
702 0.039775
703 0.039828
704 0.039878
705 0.039924
706 0.039971
707 0.040016
708 0.040058
709 0.040099
710 0.040138
711 0.040174
712 0.040208
713 0.040238
714 0.040267
715 0.040294
716 0.040321
717 0.040348
718 0.040375
719 0.040403
720 0.040432
721 0.040460
722 0.040488
723 0.040515
724 0.040542
725 0.040569
726 0.040596
727 0.040623
728 0.040650
729 0.040676
730 0.040701
731 0.040725
732 0.040747
733 0.040766
734 0.040782
735 0.040796
736 0.040807
737 0.040812
738 0.040814
739 0.040814
740 0.040810
741 0.040804
742 0.040796
743 0.040786
744 0.040774
745 0.040759
746 0.040742
747 0.040724
748 0.040704
749 0.040686
750 0.040669
751 0.040656
752 0.040648
753 0.040643
754 0.040640
755 0.040641
756 0.040644
757 0.040648
758 0.040654
759 0.040663
760 0.040673
761 0.040684
762 0.040696
763 0.040709
764 0.040721
765 0.040734
766 0.040748
767 0.040760
768 0.040773
769 0.040787
770 0.040802
771 0.040815
772 0.040827
773 0.040840
774 0.040851
775 0.040862
776 0.040870
777 0.040878
778 0.040884
779 0.040890
780 0.040897
781 0.040905
782 0.040915
783 0.040927
784 0.040941
785 0.040955
786 0.040971
787 0.040987
788 0.041004
789 0.041022
790 0.041041
791 0.041058
792 0.041074
793 0.041089
794 0.041104
795 0.041118
796 0.041132
797 0.041147
798 0.041162
799 0.041178
800 0.041195
801 0.041212
802 0.041230
803 0.041248
804 0.041266
805 0.041286
806 0.041307
807 0.041329
808 0.041351
809 0.041374
810 0.041395
811 0.041417
812 0.041439
813 0.041460
814 0.041481
815 0.041499
816 0.041517
817 0.041534
818 0.041549
819 0.041561
820 0.041571
821 0.041580
822 0.041586
823 0.041591
824 0.041595
825 0.041599
826 0.041603
827 0.041607
828 0.041611
829 0.041615
830 0.041617
831 0.041618
832 0.041617
833 0.041613
834 0.041607
835 0.041600
836 0.041591
837 0.041581
838 0.041570
839 0.041557
840 0.041542
841 0.041524
842 0.041504
843 0.041481
844 0.041456
845 0.041429
846 0.041400
847 0.041369
848 0.041334
849 0.041298
850 0.041261
851 0.041225
852 0.041189
853 0.041154
854 0.041119
855 0.041081
856 0.041041
857 0.040999
858 0.040953
859 0.040906
860 0.040856
861 0.040804
862 0.040749
863 0.040692
864 0.040632
865 0.040567
866 0.040498
867 0.040423
868 0.040344
869 0.040262
870 0.040177
871 0.040088
872 0.039996
873 0.039899
874 0.039797
875 0.039692
876 0.039583
877 0.039473
878 0.039361
879 0.039245
880 0.039128
881 0.039008
882 0.038885
883 0.038759
884 0.038630
885 0.038497
886 0.038361
887 0.038219
888 0.038073
889 0.037923
890 0.037769
891 0.037610
892 0.037448
893 0.037282
894 0.037112
895 0.036937
896 0.036759
897 0.036577
898 0.036390
899 0.036199
900 0.036005
901 0.035809
902 0.035612
903 0.035414
904 0.035215
905 0.035016
906 0.034816
907 0.034618
908 0.034419
909 0.034221
910 0.034023
911 0.033825
912 0.033627
913 0.033430
914 0.033232
915 0.033034
916 0.032836
917 0.032636
918 0.032437
919 0.032235
920 0.032032
921 0.031826
922 0.031619
923 0.031410
924 0.031200
925 0.030989
926 0.030778
927 0.030568
928 0.030357
929 0.030148
930 0.029938
931 0.029728
932 0.029518
933 0.029310
934 0.029102
935 0.028897
936 0.028696
937 0.028496
938 0.028298
939 0.028101
940 0.027906
941 0.027710
942 0.027513
943 0.027319
944 0.027125
945 0.026932
946 0.026739
947 0.026546
948 0.026354
949 0.026160
950 0.025967
951 0.025772
952 0.025577
953 0.025380
954 0.025183
955 0.024986
956 0.024789
957 0.024591
958 0.024392
959 0.024192
960 0.023992
961 0.023792
962 0.023592
963 0.023392
964 0.023192
965 0.022990
966 0.022787
967 0.022582
968 0.022374
969 0.022166
970 0.021956
971 0.021746
972 0.021533
973 0.021319
974 0.021106
975 0.020893
976 0.020681
977 0.020469
978 0.020259
979 0.020050
980 0.019843
981 0.019637
982 0.019434
983 0.019233
984 0.019034
985 0.018838
986 0.018645
987 0.018454
988 0.018265
989 0.018080
990 0.017897
991 0.017717
992 0.017540
993 0.017365
994 0.017192
995 0.017021
996 0.016851
997 0.016681
998 0.016511
999 0.016341
1000 0.016173
1001 0.016006
1002 0.015840
1003 0.015674
1004 0.015510
1005 0.015347
1006 0.015185
1007 0.015024
1008 0.014866
1009 0.014708
1010 0.014551
1011 0.014393
1012 0.014236
1013 0.014079
1014 0.013923
1015 0.013767
1016 0.013610
1017 0.013454
1018 0.013297
1019 0.013142
1020 0.012987
1021 0.012833
1022 0.012680
1023 0.012527
1024 0.012376
1025 0.012224
1026 0.012072
1027 0.011922
1028 0.011775
1029 0.011629
1030 0.011485
1031 0.011342
1032 0.011200
1033 0.011059
1034 0.010920
1035 0.010782
1036 0.010645
1037 0.010509
1038 0.010374
1039 0.010240
1040 0.010107
1041 0.009974
1042 0.009842
1043 0.009712
1044 0.009582
1045 0.009453
1046 0.009323
1047 0.009192
1048 0.009060
1049 0.008929
1050 0.008797
1051 0.008664
1052 0.008532
1053 0.008397
1054 0.008263
1055 0.008129
1056 0.007995
1057 0.007862
1058 0.007731
1059 0.007600
1060 0.007471
1061 0.007345
1062 0.007221
1063 0.007100
1064 0.006982
1065 0.006866
1066 0.006752
1067 0.006640
1068 0.006531
1069 0.006425
1070 0.006323
1071 0.006223
1072 0.006127
1073 0.006034
1074 0.005944
1075 0.005858
1076 0.005774
1077 0.005695
1078 0.005619
1079 0.005546
1080 0.005476
1081 0.005408
1082 0.005342
1083 0.005276
1084 0.005211
1085 0.005147
1086 0.005083
1087 0.005020
1088 0.004957
1089 0.004894
1090 0.004832
1091 0.004769
1092 0.004704
1093 0.004639
1094 0.004572
1095 0.004504
1096 0.004435
1097 0.004365
1098 0.004295
1099 0.004226
1100 0.004157
1101 0.004089
1102 0.004022
1103 0.003957
1104 0.003893
1105 0.003830
1106 0.003769
1107 0.003710
1108 0.003653
1109 0.003598
1110 0.003546
1111 0.003497
1112 0.003451
1113 0.003408
1114 0.003367
1115 0.003330
1116 0.003296
1117 0.003263
1118 0.003233
1119 0.003205
1120 0.003178
1121 0.003151
1122 0.003124
1123 0.003097
1124 0.003070
1125 0.003042
1126 0.003013
1127 0.002983
1128 0.002955
1129 0.002929
1130 0.002904
1131 0.002881
1132 0.002861
1133 0.002842
1134 0.002825
1135 0.002809
1136 0.002795
1137 0.002781
1138 0.002769
1139 0.002759
1140 0.002751
1141 0.002745
1142 0.002740
1143 0.002737
1144 0.002735
1145 0.002736
1146 0.002739
1147 0.002745
1148 0.002753
1149 0.002763
1150 0.002775
1151 0.002792
1152 0.002811
1153 0.002834
1154 0.002861
1155 0.002893
1156 0.002929
1157 0.002968
1158 0.003011
1159 0.003057
1160 0.003108
1161 0.003162
1162 0.003219
1163 0.003279
1164 0.003343
1165 0.003410
1166 0.003478
1167 0.003547
1168 0.003617
1169 0.003689
1170 0.003762
1171 0.003837
1172 0.003912
1173 0.003989
1174 0.004068
1175 0.004147
1176 0.004228
1177 0.004309
1178 0.004392
1179 0.004475
1180 0.004560
1181 0.004644
1182 0.004729
1183 0.004816
1184 0.004903
1185 0.004991
1186 0.005080
1187 0.005172
1188 0.005265
1189 0.005360
1190 0.005456
1191 0.005553
1192 0.005650
1193 0.005747
1194 0.005842
1195 0.005936
1196 0.006027
1197 0.006117
1198 0.006207
1199 0.006296
1200 0.006383
1201 0.006468
1202 0.006551
1203 0.006632
1204 0.006709
1205 0.006785
1206 0.006858
1207 0.006931
1208 0.007004
1209 0.007077
1210 0.007151
1211 0.007225
1212 0.007300
1213 0.007374
1214 0.007446
1215 0.007518
1216 0.007589
1217 0.007659
1218 0.007728
1219 0.007797
1220 0.007866
1221 0.007934
1222 0.008000
1223 0.008067
1224 0.008132
1225 0.008197
1226 0.008262
1227 0.008325
1228 0.008390
1229 0.008454
1230 0.008519
1231 0.008585
1232 0.008652
1233 0.008720
1234 0.008787
1235 0.008856
1236 0.008925
1237 0.008995
1238 0.009066
1239 0.009136
1240 0.009207
1241 0.009278
1242 0.009349
1243 0.009420
1244 0.009491
1245 0.009563
1246 0.009635
1247 0.009707
1248 0.009778
1249 0.009849
1250 0.009920
1251 0.009991
1252 0.010060
1253 0.010129
1254 0.010196
1255 0.010263
1256 0.010329
1257 0.010397
1258 0.010464
1259 0.010531
1260 0.010598
1261 0.010664
1262 0.010730
1263 0.010796
1264 0.010861
1265 0.010926
1266 0.010990
1267 0.011055
1268 0.011118
1269 0.011183
1270 0.011247
1271 0.011312
1272 0.011377
1273 0.011443
1274 0.011507
1275 0.011570
1276 0.011633
1277 0.011693
1278 0.011752
1279 0.011809
1280 0.011863
1281 0.011916
1282 0.011967
1283 0.012016
1284 0.012064
1285 0.012111
1286 0.012157
1287 0.012203
1288 0.012247
1289 0.012291
1290 0.012333
1291 0.012375
1292 0.012415
1293 0.012453
1294 0.012491
1295 0.012529
1296 0.012564
1297 0.012598
1298 0.012630
1299 0.012661
1300 0.012690
1301 0.012717
1302 0.012743
1303 0.012766
1304 0.012788
1305 0.012808
1306 0.012827
1307 0.012845
1308 0.012863
1309 0.012881
1310 0.012897
1311 0.012914
1312 0.012931
1313 0.012947
1314 0.012963
1315 0.012979
1316 0.012997
1317 0.013017
1318 0.013038
1319 0.013062
1320 0.013086
1321 0.013112
1322 0.013139
1323 0.013166
1324 0.013194
1325 0.013223
1326 0.013253
1327 0.013284
1328 0.013316
1329 0.013349
1330 0.013384
1331 0.013420
1332 0.013457
1333 0.013496
1334 0.013536
1335 0.013577
1336 0.013620
1337 0.013664
1338 0.013707
1339 0.013749
1340 0.013790
1341 0.013831
1342 0.013870
1343 0.013909
1344 0.013947
1345 0.013984
1346 0.014020
1347 0.014054
1348 0.014088
1349 0.014121
1350 0.014154
1351 0.014186
1352 0.014218
1353 0.014252
1354 0.014286
1355 0.014322
1356 0.014359
1357 0.014398
1358 0.014438
1359 0.014480
1360 0.014522
1361 0.014565
1362 0.014610
1363 0.014655
1364 0.014700
1365 0.014743
1366 0.014786
1367 0.014830
1368 0.014872
1369 0.014914
1370 0.014955
1371 0.014995
1372 0.015034
1373 0.015072
1374 0.015111
1375 0.015149
1376 0.015188
1377 0.015226
1378 0.015265
1379 0.015304
1380 0.015343
1381 0.015383
1382 0.015424
1383 0.015466
1384 0.015509
1385 0.015554
1386 0.015599
1387 0.015647
1388 0.015695
1389 0.015744
1390 0.015794
1391 0.015844
1392 0.015896
1393 0.015949
1394 0.016003
1395 0.016057
1396 0.016112
1397 0.016166
1398 0.016220
1399 0.016273
1400 0.016326
1401 0.016377
1402 0.016427
1403 0.016476
1404 0.016524
1405 0.016570
1406 0.016615
1407 0.016659
1408 0.016701
1409 0.016744
1410 0.016786
1411 0.016829
1412 0.016873
1413 0.016917
1414 0.016963
1415 0.017008
1416 0.017054
1417 0.017101
1418 0.017148
1419 0.017194
1420 0.017241
1421 0.017287
1422 0.017333
1423 0.017380
1424 0.017426
1425 0.017473
1426 0.017521
1427 0.017568
1428 0.017615
1429 0.017662
1430 0.017708
1431 0.017753
1432 0.017797
1433 0.017840
1434 0.017884
1435 0.017927
1436 0.017971
1437 0.018015
1438 0.018059
1439 0.018102
1440 0.018146
1441 0.018190
1442 0.018235
1443 0.018279
1444 0.018323
1445 0.018368
1446 0.018414
1447 0.018459
1448 0.018505
1449 0.018552
1450 0.018599
1451 0.018645
1452 0.018690
1453 0.018736
1454 0.018781
1455 0.018826
1456 0.018871
1457 0.018916
1458 0.018963
1459 0.019011
1460 0.019059
1461 0.019107
1462 0.019157
1463 0.019209
1464 0.019262
1465 0.019317
1466 0.019374
1467 0.019432
1468 0.019492
1469 0.019553
1470 0.019615
1471 0.019679
1472 0.019744
1473 0.019810
1474 0.019878
1475 0.019946
1476 0.020014
1477 0.020081
1478 0.020147
1479 0.020212
1480 0.020275
1481 0.020336
1482 0.020395
1483 0.020452
1484 0.020509
1485 0.020566
1486 0.020623
1487 0.020680
1488 0.020736
1489 0.020790
1490 0.020843
1491 0.020894
1492 0.020945
1493 0.020996
1494 0.021047
1495 0.021099
1496 0.021152
1497 0.021204
1498 0.021254
1499 0.021304
1500 0.021351
1501 0.021397
1502 0.021439
1503 0.021481
1504 0.021521
1505 0.021560
1506 0.021597
1507 0.021632
1508 0.021667
1509 0.021700
1510 0.021732
1511 0.021762
1512 0.021791
1513 0.021818
1514 0.021845
1515 0.021869
1516 0.021892
1517 0.021914
1518 0.021935
1519 0.021955
1520 0.021973
1521 0.021990
1522 0.022005
1523 0.022020
1524 0.022033
1525 0.022045
1526 0.022055
1527 0.022064
1528 0.022071
1529 0.022076
1530 0.022077
1531 0.022077
1532 0.022074
1533 0.022068
1534 0.022060
1535 0.022051
1536 0.022039
1537 0.022024
1538 0.022005
1539 0.021984
1540 0.021960
1541 0.021934
1542 0.021906
1543 0.021876
1544 0.021845
1545 0.021812
1546 0.021778
1547 0.021743
1548 0.021705
1549 0.021665
1550 0.021622
1551 0.021578
1552 0.021533
1553 0.021487
1554 0.021441
1555 0.021392
1556 0.021342
1557 0.021291
1558 0.021237
1559 0.021181
1560 0.021123
1561 0.021064
1562 0.021002
1563 0.020939
1564 0.020875
1565 0.020809
1566 0.020741
1567 0.020671
1568 0.020599
1569 0.020523
1570 0.020445
1571 0.020365
1572 0.020283
1573 0.020199
1574 0.020114
1575 0.020027
1576 0.019938
1577 0.019849
1578 0.019759
1579 0.019668
1580 0.019577
1581 0.019485
1582 0.019392
1583 0.019300
1584 0.019208
1585 0.019116
1586 0.019023
1587 0.018931
1588 0.018838
1589 0.018745
1590 0.018651
1591 0.018558
1592 0.018463
1593 0.018368
1594 0.018273
1595 0.018177
1596 0.018081
1597 0.017984
1598 0.017888
1599 0.017790
1600 0.017692
1601 0.017594
1602 0.017495
1603 0.017394
1604 0.017294
1605 0.017193
1606 0.017091
1607 0.016987
1608 0.016884
1609 0.016780
1610 0.016676
1611 0.016572
1612 0.016468
1613 0.016365
1614 0.016262
1615 0.016159
1616 0.016056
1617 0.015953
1618 0.015850
1619 0.015746
1620 0.015641
1621 0.015535
1622 0.015427
1623 0.015317
1624 0.015205
1625 0.015092
1626 0.014977
1627 0.014861
1628 0.014744
1629 0.014626
1630 0.014507
1631 0.014388
1632 0.014268
1633 0.014149
1634 0.014030
1635 0.013911
1636 0.013792
1637 0.013671
1638 0.013550
1639 0.013428
1640 0.013303
1641 0.013178
1642 0.013052
1643 0.012925
1644 0.012798
1645 0.012672
1646 0.012545
1647 0.012417
1648 0.012288
1649 0.012157
1650 0.012025
1651 0.011892
1652 0.011757
1653 0.011621
1654 0.011482
1655 0.011340
1656 0.011196
1657 0.011049
1658 0.010900
1659 0.010749
1660 0.010597
1661 0.010443
1662 0.010288
1663 0.010133
1664 0.009977
1665 0.009820
1666 0.009662
1667 0.009503
1668 0.009343
1669 0.009182
1670 0.009021
1671 0.008859
1672 0.008697
1673 0.008535
1674 0.008372
1675 0.008209
1676 0.008046
1677 0.007882
1678 0.007718
1679 0.007553
1680 0.007386
1681 0.007219
1682 0.007052
1683 0.006883
1684 0.006715
1685 0.006547
1686 0.006378
1687 0.006209
1688 0.006040
1689 0.005871
1690 0.005702
1691 0.005533
1692 0.005364
1693 0.005194
1694 0.005025
1695 0.004856
1696 0.004687
1697 0.004518
1698 0.004349
1699 0.004180
1700 0.004011
1701 0.003842
1702 0.003673
1703 0.003504
1704 0.003335
1705 0.003167
1706 0.003001
1707 0.002836
1708 0.002673
1709 0.002512
1710 0.002353
1711 0.002197
1712 0.002042
1713 0.001890
1714 0.001740
1715 0.001592
1716 0.001447
1717 0.001305
1718 0.001166
1719 0.001031
1720 0.000900
1721 0.000772
1722 0.000647
1723 0.000524
1724 0.000403
1725 0.000283
1726 0.000165
1727 0.000047
1728 0.000070
1729 0.000187
1730 0.000303
1731 0.000418
1732 0.000531
1733 0.000643
1734 0.000754
1735 0.000863
1736 0.000971
1737 0.001078
1738 0.001184
1739 0.001289
1740 0.001393
1741 0.001495
1742 0.001594
1743 0.001691
1744 0.001786
1745 0.001878
1746 0.001967
1747 0.002055
1748 0.002140
1749 0.002224
1750 0.002305
1751 0.002384
1752 0.002461
1753 0.002536
1754 0.002610
1755 0.002683
1756 0.002756
1757 0.002828
1758 0.002901
1759 0.002973
1760 0.003046
1761 0.003117
1762 0.003189
1763 0.003260
1764 0.003330
1765 0.003399
1766 0.003468
1767 0.003535
1768 0.003601
1769 0.003666
1770 0.003729
1771 0.003792
1772 0.003854
1773 0.003915
1774 0.003975
1775 0.004035
1776 0.004095
1777 0.004155
1778 0.004214
1779 0.004274
1780 0.004333
1781 0.004392
1782 0.004450
1783 0.004508
1784 0.004566
1785 0.004622
1786 0.004679
1787 0.004734
1788 0.004788
1789 0.004840
1790 0.004891
1791 0.004940
1792 0.004987
1793 0.005032
1794 0.005077
1795 0.005120
1796 0.005163
1797 0.005205
1798 0.005247
1799 0.005287
1800 0.005325
1801 0.005363
1802 0.005400
1803 0.005437
1804 0.005472
1805 0.005507
1806 0.005541
1807 0.005573
1808 0.005605
1809 0.005637
1810 0.005667
1811 0.005697
1812 0.005727
1813 0.005758
1814 0.005790
1815 0.005822
1816 0.005855
1817 0.005889
1818 0.005923
1819 0.005957
1820 0.005992
1821 0.006029
1822 0.006067
1823 0.006106
1824 0.006148
1825 0.006191
1826 0.006235
1827 0.006280
1828 0.006327
1829 0.006375
1830 0.006423
1831 0.006473
1832 0.006524
1833 0.006575
1834 0.006627
1835 0.006681
1836 0.006735
1837 0.006789
1838 0.006843
1839 0.006898
1840 0.006951
1841 0.007005
1842 0.007058
1843 0.007111
1844 0.007163
1845 0.007214
1846 0.007263
1847 0.007310
1848 0.007356
1849 0.007400
1850 0.007443
1851 0.007484
1852 0.007523
1853 0.007561
1854 0.007598
1855 0.007633
1856 0.007669
1857 0.007705
1858 0.007740
1859 0.007772
1860 0.007803
1861 0.007833
1862 0.007860
1863 0.007885
1864 0.007907
1865 0.007929
1866 0.007948
1867 0.007966
1868 0.007982
1869 0.007997
1870 0.008010
1871 0.008022
1872 0.008031
1873 0.008039
1874 0.008046
1875 0.008051
1876 0.008055
1877 0.008058
1878 0.008060
1879 0.008060
1880 0.008059
1881 0.008057
1882 0.008053
1883 0.008046
1884 0.008038
1885 0.008028
1886 0.008015
1887 0.008000
1888 0.007982
1889 0.007962
1890 0.007941
1891 0.007918
1892 0.007893
1893 0.007867
1894 0.007838
1895 0.007808
1896 0.007776
1897 0.007743
1898 0.007708
1899 0.007672
1900 0.007635
1901 0.007596
1902 0.007556
1903 0.007514
1904 0.007472
1905 0.007428
1906 0.007383
1907 0.007337
1908 0.007289
1909 0.007239
1910 0.007188
1911 0.007135
1912 0.007081
1913 0.007025
1914 0.006969
1915 0.006912
1916 0.006853
1917 0.006792
1918 0.006729
1919 0.006664
1920 0.006597
1921 0.006529
1922 0.006459
1923 0.006388
1924 0.006317
1925 0.006246
1926 0.006174
1927 0.006103
1928 0.006030
1929 0.005957
1930 0.005882
1931 0.005808
1932 0.005735
1933 0.005662
1934 0.005590
1935 0.005520
1936 0.005451
1937 0.005384
1938 0.005318
1939 0.005253
1940 0.005190
1941 0.005128
1942 0.005067
1943 0.005008
1944 0.004950
1945 0.004892
1946 0.004836
1947 0.004779
1948 0.004722
1949 0.004666
1950 0.004609
1951 0.004552
1952 0.004495
1953 0.004438
1954 0.004381
1955 0.004324
1956 0.004268
1957 0.004211
1958 0.004155
1959 0.004099
1960 0.004044
1961 0.003988
1962 0.003933
1963 0.003879
1964 0.003825
1965 0.003773
1966 0.003721
1967 0.003670
1968 0.003620
1969 0.003570
1970 0.003521
1971 0.003473
1972 0.003426
1973 0.003380
1974 0.003336
1975 0.003293
1976 0.003252
1977 0.003212
1978 0.003173
1979 0.003135
1980 0.003099
1981 0.003063
1982 0.003027
1983 0.002990
1984 0.002954
1985 0.002916
1986 0.002879
1987 0.002841
1988 0.002803
1989 0.002765
1990 0.002727
1991 0.002689
1992 0.002650
1993 0.002611
1994 0.002572
1995 0.002532
1996 0.002492
1997 0.002451
1998 0.002410
1999 0.002368
2000 0.002325
2001 0.002281
2002 0.002235
2003 0.002189
2004 0.002141
2005 0.002093
2006 0.002045
2007 0.001996
2008 0.001948
2009 0.001900
2010 0.001852
2011 0.001804
2012 0.001757
2013 0.001709
2014 0.001661
2015 0.001612
2016 0.001562
2017 0.001512
2018 0.001460
2019 0.001407
2020 0.001352
2021 0.001297
2022 0.001242
2023 0.001187
2024 0.001131
2025 0.001074
2026 0.001016
2027 0.000957
2028 0.000897
2029 0.000837
2030 0.000776
2031 0.000715
2032 0.000655
2033 0.000597
2034 0.000539
2035 0.000483
2036 0.000429
2037 0.000374
2038 0.000320
2039 0.000266
2040 0.000212
2041 0.000158
2042 0.000105
2043 0.000053
2044 0.000001
2045 0.000049
2046 0.000099
2047 0.000147
2048 0.000195
2049 0.000242
2050 0.000288
2051 0.000332
2052 0.000376
2053 0.000418
2054 0.000459
2055 0.000498
2056 0.000536
2057 0.000572
2058 0.000607
2059 0.000642
2060 0.000676
2061 0.000708
2062 0.000740
2063 0.000772
2064 0.000802
2065 0.000832
2066 0.000861
2067 0.000888
2068 0.000915
2069 0.000940
2070 0.000963
2071 0.000985
2072 0.001005
2073 0.001024
2074 0.001042
2075 0.001059
2076 0.001076
2077 0.001092
2078 0.001106
2079 0.001119
2080 0.001131
2081 0.001141
2082 0.001150
2083 0.001158
2084 0.001164
2085 0.001169
2086 0.001172
2087 0.001173
2088 0.001174
2089 0.001172
2090 0.001169
2091 0.001164
2092 0.001157
2093 0.001149
2094 0.001139
2095 0.001127
2096 0.001115
2097 0.001102
2098 0.001087
2099 0.001071
2100 0.001053
2101 0.001033
2102 0.001012
2103 0.000990
2104 0.000967
2105 0.000943
2106 0.000918
2107 0.000893
2108 0.000866
2109 0.000839
2110 0.000811
2111 0.000782
2112 0.000752
2113 0.000720
2114 0.000688
2115 0.000654
2116 0.000620
2117 0.000586
2118 0.000551
2119 0.000517
2120 0.000482
2121 0.000447
2122 0.000413
2123 0.000379
2124 0.000344
2125 0.000309
2126 0.000273
2127 0.000237
2128 0.000200
2129 0.000161
2130 0.000121
2131 0.000082
2132 0.000041
2133 0.000000
2134 0.000043
2135 0.000085
2136 0.000128
2137 0.000172
2138 0.000215
2139 0.000259
2140 0.000304
2141 0.000349
2142 0.000394
2143 0.000440
2144 0.000487
2145 0.000534
2146 0.000581
2147 0.000629
2148 0.000676
2149 0.000723
2150 0.000771
2151 0.000818
2152 0.000865
2153 0.000913
2154 0.000960
2155 0.001007
2156 0.001052
2157 0.001097
2158 0.001142
2159 0.001187
2160 0.001231
2161 0.001274
2162 0.001318
2163 0.001360
2164 0.001402
2165 0.001443
2166 0.001484
2167 0.001524
2168 0.001564
2169 0.001603
2170 0.001643
2171 0.001682
2172 0.001722
2173 0.001763
2174 0.001803
2175 0.001843
2176 0.001883
2177 0.001923
2178 0.001963
2179 0.002003
2180 0.002042
2181 0.002080
2182 0.002117
2183 0.002153
2184 0.002188
2185 0.002223
2186 0.002256
2187 0.002289
2188 0.002322
2189 0.002355
2190 0.002388
2191 0.002421
2192 0.002455
2193 0.002488
2194 0.002522
2195 0.002554
2196 0.002587
2197 0.002618
2198 0.002649
2199 0.002680
2200 0.002710
2201 0.002740
2202 0.002769
2203 0.002799
2204 0.002828
2205 0.002857
2206 0.002886
2207 0.002915
2208 0.002944
2209 0.002973
2210 0.003004
2211 0.003035
2212 0.003067
2213 0.003100
2214 0.003133
2215 0.003166
2216 0.003199
2217 0.003233
2218 0.003266
2219 0.003300
2220 0.003334
2221 0.003368
2222 0.003402
2223 0.003436
2224 0.003471
2225 0.003507
2226 0.003543
2227 0.003579
2228 0.003614
2229 0.003649
2230 0.003683
2231 0.003716
2232 0.003749
2233 0.003781
2234 0.003814
2235 0.003847
2236 0.003881
2237 0.003915
2238 0.003949
2239 0.003983
2240 0.004016
2241 0.004049
2242 0.004082
2243 0.004115
2244 0.004147
2245 0.004181
2246 0.004215
2247 0.004249
2248 0.004283
2249 0.004318
2250 0.004355
2251 0.004391
2252 0.004429
2253 0.004466
2254 0.004504
2255 0.004541
2256 0.004578
2257 0.004614
2258 0.004652
2259 0.004689
2260 0.004727
2261 0.004766
2262 0.004805
2263 0.004844
2264 0.004882
2265 0.004920
2266 0.004958
2267 0.004994
2268 0.005031
2269 0.005066
2270 0.005101
2271 0.005134
2272 0.005166
2273 0.005196
2274 0.005224
2275 0.005251
2276 0.005276
2277 0.005298
2278 0.005320
2279 0.005340
2280 0.005358
2281 0.005376
2282 0.005394
2283 0.005411
2284 0.005429
2285 0.005446
2286 0.005464
2287 0.005482
2288 0.005500
2289 0.005518
2290 0.005538
2291 0.005558
2292 0.005579
2293 0.005601
2294 0.005622
2295 0.005644
2296 0.005664
2297 0.005685
2298 0.005705
2299 0.005725
2300 0.005744
2301 0.005764
2302 0.005783
2303 0.005802
2304 0.005819
2305 0.005837
2306 0.005854
2307 0.005870
2308 0.005887
2309 0.005904
2310 0.005920
2311 0.005937
2312 0.005953
2313 0.005969
2314 0.005985
2315 0.006000
2316 0.006016
2317 0.006030
2318 0.006045
2319 0.006058
2320 0.006071
2321 0.006083
2322 0.006094
2323 0.006104
2324 0.006114
2325 0.006123
2326 0.006132
2327 0.006140
2328 0.006148
2329 0.006155
2330 0.006163
2331 0.006170
2332 0.006178
2333 0.006186
2334 0.006193
2335 0.006201
2336 0.006210
2337 0.006218
2338 0.006228
2339 0.006238
2340 0.006248
2341 0.006259
2342 0.006270
2343 0.006283
2344 0.006297
2345 0.006313
2346 0.006331
2347 0.006350
2348 0.006370
2349 0.006392
2350 0.006414
2351 0.006438
2352 0.006462
2353 0.006488
2354 0.006515
2355 0.006544
2356 0.006574
2357 0.006607
2358 0.006641
2359 0.006677
2360 0.006715
2361 0.006756
2362 0.006798
2363 0.006841
2364 0.006886
2365 0.006932
2366 0.006979
2367 0.007027
2368 0.007076
2369 0.007127
2370 0.007180
2371 0.007234
2372 0.007288
2373 0.007343
2374 0.007398
2375 0.007454
2376 0.007510
2377 0.007566
2378 0.007622
2379 0.007678
2380 0.007733
2381 0.007788
2382 0.007842
2383 0.007896
2384 0.007949
2385 0.008003
2386 0.008056
2387 0.008109
2388 0.008161
2389 0.008214
2390 0.008266
2391 0.008318
2392 0.008370
2393 0.008421
2394 0.008473
2395 0.008524
2396 0.008575
2397 0.008627
2398 0.008679
2399 0.008730
2400 0.008782
2401 0.008833
2402 0.008885
2403 0.008936
2404 0.008987
2405 0.009036
2406 0.009084
2407 0.009131
2408 0.009177
2409 0.009223
2410 0.009267
2411 0.009310
2412 0.009352
2413 0.009393
2414 0.009434
2415 0.009474
2416 0.009513
2417 0.009552
2418 0.009591
2419 0.009629
2420 0.009667
2421 0.009705
2422 0.009743
2423 0.009780
2424 0.009817
2425 0.009853
2426 0.009889
2427 0.009924
2428 0.009959
2429 0.009992
2430 0.010025
2431 0.010057
2432 0.010087
2433 0.010116
2434 0.010144
2435 0.010171
2436 0.010196
2437 0.010220
2438 0.010243
2439 0.010265
2440 0.010287
2441 0.010308
2442 0.010327
2443 0.010347
2444 0.010366
2445 0.010385
2446 0.010405
2447 0.010425
2448 0.010444
2449 0.010464
2450 0.010483
2451 0.010503
2452 0.010523
2453 0.010544
2454 0.010565
2455 0.010588
2456 0.010611
2457 0.010636
2458 0.010662
2459 0.010688
2460 0.010715
2461 0.010743
2462 0.010772
2463 0.010802
2464 0.010831
2465 0.010862
2466 0.010894
2467 0.010925
2468 0.010958
2469 0.010992
2470 0.011026
2471 0.011060
2472 0.011094
2473 0.011127
2474 0.011161
2475 0.011194
2476 0.011227
2477 0.011260
2478 0.011293
2479 0.011327
2480 0.011359
2481 0.011391
2482 0.011423
2483 0.011455
2484 0.011488
2485 0.011523
2486 0.011558
2487 0.011595
2488 0.011633
2489 0.011672
2490 0.011712
2491 0.011752
2492 0.011794
2493 0.011836
2494 0.011879
2495 0.011923
2496 0.011966
2497 0.012010
2498 0.012055
2499 0.012100
2500 0.012145
2501 0.012190
2502 0.012235
2503 0.012278
2504 0.012321
2505 0.012363
2506 0.012405
2507 0.012445
2508 0.012486
2509 0.012526
2510 0.012566
2511 0.012604
2512 0.012643
2513 0.012681
2514 0.012719
2515 0.012756
2516 0.012792
2517 0.012827
2518 0.012862
2519 0.012896
2520 0.012929
2521 0.012962
2522 0.012995
2523 0.013027
2524 0.013058
2525 0.013089
2526 0.013119
2527 0.013148
2528 0.013175
2529 0.013201
2530 0.013227
2531 0.013252
2532 0.013276
2533 0.013300
2534 0.013323
2535 0.013346
2536 0.013367
2537 0.013387
2538 0.013405
2539 0.013423
2540 0.013438
2541 0.013452
2542 0.013465
2543 0.013476
2544 0.013486
2545 0.013495
2546 0.013504
2547 0.013511
2548 0.013517
2549 0.013521
2550 0.013524
2551 0.013526
2552 0.013526
2553 0.013525
2554 0.013522
2555 0.013519
2556 0.013513
2557 0.013506
2558 0.013498
2559 0.013489
2560 0.013478
2561 0.013466
2562 0.013453
2563 0.013439
2564 0.013424
2565 0.013408
2566 0.013392
2567 0.013375
2568 0.013357
2569 0.013338
2570 0.013317
2571 0.013296
2572 0.013274
2573 0.013250
2574 0.013225
2575 0.013198
2576 0.013169
2577 0.013139
2578 0.013108
2579 0.013076
2580 0.013043
2581 0.013009
2582 0.012974
2583 0.012937
2584 0.012901
2585 0.012863
2586 0.012825
2587 0.012786
2588 0.012747
2589 0.012707
2590 0.012666
2591 0.012624
2592 0.012582
2593 0.012539
2594 0.012495
2595 0.012451
2596 0.012406
2597 0.012360
2598 0.012314
2599 0.012267
2600 0.012219
2601 0.012171
2602 0.012122
2603 0.012071
2604 0.012020
2605 0.011967
2606 0.011913
2607 0.011858
2608 0.011803
2609 0.011746
2610 0.011690
2611 0.011633
2612 0.011576
2613 0.011518
2614 0.011461
2615 0.011403
2616 0.011345
2617 0.011287
2618 0.011230
2619 0.011173
2620 0.011118
2621 0.011064
2622 0.011012
2623 0.010961
2624 0.010911
2625 0.010863
2626 0.010815
2627 0.010768
2628 0.010721
2629 0.010674
2630 0.010627
2631 0.010580
2632 0.010532
2633 0.010485
2634 0.010438
2635 0.010390
2636 0.010342
2637 0.010294
2638 0.010246
2639 0.010199
2640 0.010151
2641 0.010104
2642 0.010057
2643 0.010010
2644 0.009964
2645 0.009918
2646 0.009873
2647 0.009828
2648 0.009783
2649 0.009739
2650 0.009694
2651 0.009650
2652 0.009606
2653 0.009562
2654 0.009517
2655 0.009473
2656 0.009429
2657 0.009385
2658 0.009342
2659 0.009298
2660 0.009254
2661 0.009210
2662 0.009166
2663 0.009123
2664 0.009079
2665 0.009035
2666 0.008992
2667 0.008949
2668 0.008907
2669 0.008865
2670 0.008823
2671 0.008781
2672 0.008739
2673 0.008697
2674 0.008655
2675 0.008612
2676 0.008570
2677 0.008527
2678 0.008485
2679 0.008443
2680 0.008400
2681 0.008357
2682 0.008314
2683 0.008270
2684 0.008227
2685 0.008183
2686 0.008139
2687 0.008094
2688 0.008049
2689 0.008004
2690 0.007958
2691 0.007912
2692 0.007866
2693 0.007821
2694 0.007775
2695 0.007730
2696 0.007685
2697 0.007640
2698 0.007595
2699 0.007551
2700 0.007508
2701 0.007465
2702 0.007422
2703 0.007380
2704 0.007338
2705 0.007296
2706 0.007255
2707 0.007214
2708 0.007173
2709 0.007133
2710 0.007092
2711 0.007052
2712 0.007012
2713 0.006971
2714 0.006930
2715 0.006889
2716 0.006846
2717 0.006804
2718 0.006760
2719 0.006716
2720 0.006671
2721 0.006626
2722 0.006580
2723 0.006534
2724 0.006488
2725 0.006441
2726 0.006394
2727 0.006347
2728 0.006300
2729 0.006252
2730 0.006205
2731 0.006156
2732 0.006108
2733 0.006059
2734 0.006011
2735 0.005962
2736 0.005912
2737 0.005862
2738 0.005811
2739 0.005761
2740 0.005710
2741 0.005660
2742 0.005610
2743 0.005560
2744 0.005511
2745 0.005462
2746 0.005414
2747 0.005365
2748 0.005317
2749 0.005270
2750 0.005222
2751 0.005176
2752 0.005129
2753 0.005084
2754 0.005038
2755 0.004993
2756 0.004947
2757 0.004902
2758 0.004856
2759 0.004811
2760 0.004768
2761 0.004725
2762 0.004683
2763 0.004643
2764 0.004604
2765 0.004567
2766 0.004531
2767 0.004496
2768 0.004462
2769 0.004430
2770 0.004398
2771 0.004367
2772 0.004336
2773 0.004306
2774 0.004276
2775 0.004245
2776 0.004215
2777 0.004184
2778 0.004154
2779 0.004124
2780 0.004093
2781 0.004062
2782 0.004032
2783 0.004001
2784 0.003970
2785 0.003940
2786 0.003911
2787 0.003882
2788 0.003855
2789 0.003829
2790 0.003805
2791 0.003783
2792 0.003761
2793 0.003741
2794 0.003721
2795 0.003702
2796 0.003683
2797 0.003665
2798 0.003647
2799 0.003630
2800 0.003613
2801 0.003596
2802 0.003581
2803 0.003565
2804 0.003551
2805 0.003537
2806 0.003523
2807 0.003510
2808 0.003497
2809 0.003484
2810 0.003471
2811 0.003458
2812 0.003445
2813 0.003431
2814 0.003417
2815 0.003403
2816 0.003389
2817 0.003376
2818 0.003363
2819 0.003350
2820 0.003339
2821 0.003328
2822 0.003318
2823 0.003308
2824 0.003299
2825 0.003289
2826 0.003279
2827 0.003269
2828 0.003259
2829 0.003247
2830 0.003235
2831 0.003222
2832 0.003209
2833 0.003195
2834 0.003181
2835 0.003168
2836 0.003155
2837 0.003141
2838 0.003127
2839 0.003114
2840 0.003099
2841 0.003085
2842 0.003071
2843 0.003058
2844 0.003045
2845 0.003033
2846 0.003022
2847 0.003011
2848 0.003001
2849 0.002992
2850 0.002982
2851 0.002974
2852 0.002965
2853 0.002957
2854 0.002949
2855 0.002941
2856 0.002932
2857 0.002924
2858 0.002915
2859 0.002906
2860 0.002898
2861 0.002890
2862 0.002883
2863 0.002875
2864 0.002868
2865 0.002861
2866 0.002854
2867 0.002847
2868 0.002841
2869 0.002835
2870 0.002828
2871 0.002822
2872 0.002815
2873 0.002809
2874 0.002803
2875 0.002798
2876 0.002792
2877 0.002787
2878 0.002782
2879 0.002777
2880 0.002772
2881 0.002767
2882 0.002762
2883 0.002757
2884 0.002752
2885 0.002745
2886 0.002739
2887 0.002731
2888 0.002723
2889 0.002716
2890 0.002707
2891 0.002699
2892 0.002690
2893 0.002682
2894 0.002674
2895 0.002665
2896 0.002657
2897 0.002649
2898 0.002642
2899 0.002635
2900 0.002629
2901 0.002623
2902 0.002618
2903 0.002613
2904 0.002608
2905 0.002604
2906 0.002600
2907 0.002595
2908 0.002589
2909 0.002582
2910 0.002574
2911 0.002565
2912 0.002555
2913 0.002544
2914 0.002531
2915 0.002518
2916 0.002504
2917 0.002489
2918 0.002473
2919 0.002456
2920 0.002439
2921 0.002420
2922 0.002401
2923 0.002380
2924 0.002358
2925 0.002336
2926 0.002313
2927 0.002289
2928 0.002265
2929 0.002241
2930 0.002216
2931 0.002192
2932 0.002166
2933 0.002141
2934 0.002115
2935 0.002089
2936 0.002063
2937 0.002037
2938 0.002011
2939 0.001986
2940 0.001960
2941 0.001935
2942 0.001910
2943 0.001886
2944 0.001862
2945 0.001839
2946 0.001815
2947 0.001791
2948 0.001768
2949 0.001744
2950 0.001720
2951 0.001696
2952 0.001672
2953 0.001647
2954 0.001623
2955 0.001599
2956 0.001575
2957 0.001551
2958 0.001527
2959 0.001502
2960 0.001478
2961 0.001453
2962 0.001429
2963 0.001404
2964 0.001379
2965 0.001353
2966 0.001327
2967 0.001301
2968 0.001275
2969 0.001248
2970 0.001221
2971 0.001193
2972 0.001165
2973 0.001138
2974 0.001110
2975 0.001084
2976 0.001057
2977 0.001031
2978 0.001005
2979 0.000979
2980 0.000953
2981 0.000927
2982 0.000902
2983 0.000876
2984 0.000851
2985 0.000825
2986 0.000800
2987 0.000776
2988 0.000752
2989 0.000727
2990 0.000703
2991 0.000678
2992 0.000653
2993 0.000627
2994 0.000600
2995 0.000572
2996 0.000545
2997 0.000517
2998 0.000489
2999 0.000461
3000 0.000433
3001 0.000404
3002 0.000376
3003 0.000349
3004 0.000322
3005 0.000295
3006 0.000270
3007 0.000246
3008 0.000223
3009 0.000202
3010 0.000181
3011 0.000162
3012 0.000144
3013 0.000127
3014 0.000111
3015 0.000097
3016 0.000084
3017 0.000073
3018 0.000064
3019 0.000056
3020 0.000050
3021 0.000045
3022 0.000042
3023 0.000040
3024 0.000039
3025 0.000040
3026 0.000042
3027 0.000046
3028 0.000050
3029 0.000055
3030 0.000061
3031 0.000067
3032 0.000074
3033 0.000081
3034 0.000088
3035 0.000095
3036 0.000102
3037 0.000109
3038 0.000116
3039 0.000123
3040 0.000129
3041 0.000135
3042 0.000141
3043 0.000147
3044 0.000153
3045 0.000158
3046 0.000164
3047 0.000169
3048 0.000174
3049 0.000179
3050 0.000183
3051 0.000186
3052 0.000190
3053 0.000193
3054 0.000197
3055 0.000201
3056 0.000205
3057 0.000209
3058 0.000213
3059 0.000217
3060 0.000221
3061 0.000225
3062 0.000230
3063 0.000235
3064 0.000239
3065 0.000244
3066 0.000249
3067 0.000254
3068 0.000259
3069 0.000264
3070 0.000268
3071 0.000273
3072 0.000277
3073 0.000280
3074 0.000283
3075 0.000285
3076 0.000286
3077 0.000286
3078 0.000285
3079 0.000283
3080 0.000279
3081 0.000275
3082 0.000269
3083 0.000262
3084 0.000253
3085 0.000244
3086 0.000233
3087 0.000222
3088 0.000209
3089 0.000195
3090 0.000180
3091 0.000164
3092 0.000146
3093 0.000127
3094 0.000107
3095 0.000087
3096 0.000066
3097 0.000046
3098 0.000025
3099 0.000005
3100 0.000015
3101 0.000034
3102 0.000053
3103 0.000073
3104 0.000092
3105 0.000111
3106 0.000130
3107 0.000148
3108 0.000167
3109 0.000185
3110 0.000204
3111 0.000222
3112 0.000241
3113 0.000261
3114 0.000280
3115 0.000300
3116 0.000320
3117 0.000340
3118 0.000360
3119 0.000380
3120 0.000400
3121 0.000420
3122 0.000439
3123 0.000458
3124 0.000476
3125 0.000494
3126 0.000512
3127 0.000529
3128 0.000546
3129 0.000563
3130 0.000579
3131 0.000595
3132 0.000611
3133 0.000627
3134 0.000643
3135 0.000659
3136 0.000674
3137 0.000690
3138 0.000706
3139 0.000722
3140 0.000737
3141 0.000752
3142 0.000767
3143 0.000782
3144 0.000796
3145 0.000810
3146 0.000824
3147 0.000838
3148 0.000852
3149 0.000867
3150 0.000880
3151 0.000893
3152 0.000905
3153 0.000915
3154 0.000924
3155 0.000931
3156 0.000937
3157 0.000942
3158 0.000947
3159 0.000950
3160 0.000954
3161 0.000957
3162 0.000960
3163 0.000963
3164 0.000966
3165 0.000969
3166 0.000972
3167 0.000974
3168 0.000977
3169 0.000980
3170 0.000983
3171 0.000985
3172 0.000988
3173 0.000990
3174 0.000992
3175 0.000993
3176 0.000995
3177 0.000995
3178 0.000996
3179 0.000995
3180 0.000995
3181 0.000994
3182 0.000993
3183 0.000991
3184 0.000989
3185 0.000987
3186 0.000984
3187 0.000981
3188 0.000978
3189 0.000975
3190 0.000972
3191 0.000970
3192 0.000968
3193 0.000966
3194 0.000965
3195 0.000965
3196 0.000965
3197 0.000965
3198 0.000965
3199 0.000965
3200 0.000965
3201 0.000966
3202 0.000966
3203 0.000967
3204 0.000968
3205 0.000970
3206 0.000971
3207 0.000972
3208 0.000974
3209 0.000975
3210 0.000977
3211 0.000978
3212 0.000979
3213 0.000980
3214 0.000982
3215 0.000983
3216 0.000984
3217 0.000985
3218 0.000986
3219 0.000987
3220 0.000989
3221 0.000991
3222 0.000993
3223 0.000996
3224 0.000999
3225 0.001003
3226 0.001007
3227 0.001012
3228 0.001018
3229 0.001024
3230 0.001031
3231 0.001039
3232 0.001048
3233 0.001057
3234 0.001067
3235 0.001078
3236 0.001089
3237 0.001101
3238 0.001114
3239 0.001128
3240 0.001142
3241 0.001158
3242 0.001173
3243 0.001189
3244 0.001206
3245 0.001222
3246 0.001239
3247 0.001257
3248 0.001274
3249 0.001292
3250 0.001309
3251 0.001327
3252 0.001345
3253 0.001363
3254 0.001381
3255 0.001400
3256 0.001418
3257 0.001437
3258 0.001457
3259 0.001476
3260 0.001496
3261 0.001516
3262 0.001536
3263 0.001557
3264 0.001579
3265 0.001601
3266 0.001624
3267 0.001648
3268 0.001672
3269 0.001697
3270 0.001722
3271 0.001748
3272 0.001774
3273 0.001800
3274 0.001827
3275 0.001854
3276 0.001881
3277 0.001909
3278 0.001938
3279 0.001966
3280 0.001995
3281 0.002024
3282 0.002052
3283 0.002080
3284 0.002108
3285 0.002135
3286 0.002162
3287 0.002188
3288 0.002214
3289 0.002239
3290 0.002264
3291 0.002288
3292 0.002311
3293 0.002333
3294 0.002355
3295 0.002375
3296 0.002395
3297 0.002413
3298 0.002431
3299 0.002448
3300 0.002464
3301 0.002480
3302 0.002495
3303 0.002509
3304 0.002523
3305 0.002536
3306 0.002549
3307 0.002561
3308 0.002573
3309 0.002585
3310 0.002596
3311 0.002608
3312 0.002620
3313 0.002633
3314 0.002646
3315 0.002659
3316 0.002674
3317 0.002688
3318 0.002703
3319 0.002718
3320 0.002733
3321 0.002748
3322 0.002763
3323 0.002777
3324 0.002791
3325 0.002805
3326 0.002818
3327 0.002831
3328 0.002844
3329 0.002855
3330 0.002866
3331 0.002875
3332 0.002885
3333 0.002893
3334 0.002901
3335 0.002909
3336 0.002915
3337 0.002921
3338 0.002927
3339 0.002932
3340 0.002936
3341 0.002939
3342 0.002941
3343 0.002943
3344 0.002945
3345 0.002946
3346 0.002947
3347 0.002949
3348 0.002950
3349 0.002951
3350 0.002952
3351 0.002952
3352 0.002952
3353 0.002951
3354 0.002949
3355 0.002948
3356 0.002946
3357 0.002944
3358 0.002943
3359 0.002942
3360 0.002940
3361 0.002939
3362 0.002937
3363 0.002936
3364 0.002934
3365 0.002933
3366 0.002932
3367 0.002932
3368 0.002932
3369 0.002933
3370 0.002934
3371 0.002936
3372 0.002937
3373 0.002939
3374 0.002942
3375 0.002944
3376 0.002947
3377 0.002950
3378 0.002953
3379 0.002955
3380 0.002958
3381 0.002961
3382 0.002965
3383 0.002969
3384 0.002973
3385 0.002977
3386 0.002982
3387 0.002987
3388 0.002992
3389 0.002998
3390 0.003004
3391 0.003011
3392 0.003018
3393 0.003025
3394 0.003034
3395 0.003042
3396 0.003052
3397 0.003062
3398 0.003073
3399 0.003085
3400 0.003098
3401 0.003112
3402 0.003126
3403 0.003141
3404 0.003156
3405 0.003172
3406 0.003188
3407 0.003205
3408 0.003222
3409 0.003240
3410 0.003258
3411 0.003277
3412 0.003296
3413 0.003315
3414 0.003335
3415 0.003355
3416 0.003375
3417 0.003395
3418 0.003416
3419 0.003437
3420 0.003459
3421 0.003480
3422 0.003501
3423 0.003522
3424 0.003543
3425 0.003563
3426 0.003583
3427 0.003604
3428 0.003624
3429 0.003643
3430 0.003663
3431 0.003682
3432 0.003701
3433 0.003719
3434 0.003736
3435 0.003752
3436 0.003767
3437 0.003782
3438 0.003796
3439 0.003810
3440 0.003823
3441 0.003836
3442 0.003848
3443 0.003861
3444 0.003873
3445 0.003886
3446 0.003898
3447 0.003910
3448 0.003921
3449 0.003933
3450 0.003944
3451 0.003954
3452 0.003965
3453 0.003974
3454 0.003984
3455 0.003994
3456 0.004003
3457 0.004013
3458 0.004023
3459 0.004033
3460 0.004043
3461 0.004052
3462 0.004061
3463 0.004070
3464 0.004079
3465 0.004088
3466 0.004097
3467 0.004107
3468 0.004117
3469 0.004128
3470 0.004138
3471 0.004150
3472 0.004161
3473 0.004173
3474 0.004184
3475 0.004196
3476 0.004207
3477 0.004219
3478 0.004230
3479 0.004241
3480 0.004252
3481 0.004264
3482 0.004275
3483 0.004287
3484 0.004298
3485 0.004309
3486 0.004321
3487 0.004332
3488 0.004344
3489 0.004356
3490 0.004369
3491 0.004381
3492 0.004394
3493 0.004407
3494 0.004420
3495 0.004434
3496 0.004447
3497 0.004460
3498 0.004474
3499 0.004488
3500 0.004502
3501 0.004517
3502 0.004531
3503 0.004545
3504 0.004559
3505 0.004573
3506 0.004586
3507 0.004600
3508 0.004612
3509 0.004624
3510 0.004635
3511 0.004646
3512 0.004656
3513 0.004665
3514 0.004674
3515 0.004683
3516 0.004691
3517 0.004699
3518 0.004706
3519 0.004712
3520 0.004718
3521 0.004723
3522 0.004728
3523 0.004732
3524 0.004736
3525 0.004738
3526 0.004740
3527 0.004741
3528 0.004742
3529 0.004742
3530 0.004741
3531 0.004740
3532 0.004738
3533 0.004736
3534 0.004732
3535 0.004728
3536 0.004723
3537 0.004718
3538 0.004712
3539 0.004707
3540 0.004700
3541 0.004694
3542 0.004687
3543 0.004680
3544 0.004672
3545 0.004664
3546 0.004656
3547 0.004648
3548 0.004640
3549 0.004631
3550 0.004623
3551 0.004614
3552 0.004605
3553 0.004597
3554 0.004588
3555 0.004580
3556 0.004571
3557 0.004562
3558 0.004553
3559 0.004542
3560 0.004532
3561 0.004520
3562 0.004509
3563 0.004497
3564 0.004484
3565 0.004472
3566 0.004460
3567 0.004447
3568 0.004434
3569 0.004422
3570 0.004410
3571 0.004398
3572 0.004386
3573 0.004374
3574 0.004362
3575 0.004349
3576 0.004337
3577 0.004324
3578 0.004311
3579 0.004298
3580 0.004285
3581 0.004271
3582 0.004258
3583 0.004244
3584 0.004231
3585 0.004217
3586 0.004204
3587 0.004190
3588 0.004176
3589 0.004162
3590 0.004148
3591 0.004134
3592 0.004120
3593 0.004107
3594 0.004094
3595 0.004080
3596 0.004067
3597 0.004055
3598 0.004042
3599 0.004029
3600 0.004016
3601 0.004004
3602 0.003992
3603 0.003980
3604 0.003968
3605 0.003956
3606 0.003943
3607 0.003931
3608 0.003918
3609 0.003906
3610 0.003893
3611 0.003880
3612 0.003867
3613 0.003853
3614 0.003839
3615 0.003825
3616 0.003810
3617 0.003795
3618 0.003780
3619 0.003765
3620 0.003749
3621 0.003733
3622 0.003717
3623 0.003700
3624 0.003683
3625 0.003666
3626 0.003648
3627 0.003630
3628 0.003612
3629 0.003593
3630 0.003573
3631 0.003554
3632 0.003534
3633 0.003515
3634 0.003495
3635 0.003475
3636 0.003456
3637 0.003436
3638 0.003417
3639 0.003398
3640 0.003379
3641 0.003361
3642 0.003342
3643 0.003324
3644 0.003306
3645 0.003288
3646 0.003269
3647 0.003251
3648 0.003232
3649 0.003213
3650 0.003194
3651 0.003175
3652 0.003157
3653 0.003138
3654 0.003119
3655 0.003100
3656 0.003082
3657 0.003063
3658 0.003044
3659 0.003025
3660 0.003006
3661 0.002987
3662 0.002967
3663 0.002947
3664 0.002927
3665 0.002907
3666 0.002887
3667 0.002866
3668 0.002846
3669 0.002825
3670 0.002804
3671 0.002783
3672 0.002762
3673 0.002741
3674 0.002720
3675 0.002699
3676 0.002678
3677 0.002656
3678 0.002634
3679 0.002613
3680 0.002591
3681 0.002570
3682 0.002549
3683 0.002528
3684 0.002508
3685 0.002487
3686 0.002466
3687 0.002445
3688 0.002425
3689 0.002403
3690 0.002382
3691 0.002360
3692 0.002338
3693 0.002317
3694 0.002295
3695 0.002273
3696 0.002251
3697 0.002228
3698 0.002205
3699 0.002181
3700 0.002157
3701 0.002133
3702 0.002109
3703 0.002084
3704 0.002060
3705 0.002035
3706 0.002011
3707 0.001986
3708 0.001961
3709 0.001936
3710 0.001912
3711 0.001887
3712 0.001863
3713 0.001839
3714 0.001815
3715 0.001792
3716 0.001769
3717 0.001747
3718 0.001724
3719 0.001702
3720 0.001681
3721 0.001659
3722 0.001638
3723 0.001617
3724 0.001596
3725 0.001576
3726 0.001557
3727 0.001538
3728 0.001520
3729 0.001502
3730 0.001485
3731 0.001467
3732 0.001450
3733 0.001433
3734 0.001417
3735 0.001400
3736 0.001385
3737 0.001369
3738 0.001355
3739 0.001340
3740 0.001327
3741 0.001314
3742 0.001302
3743 0.001290
3744 0.001278
3745 0.001267
3746 0.001256
3747 0.001246
3748 0.001237
3749 0.001230
3750 0.001223
3751 0.001217
3752 0.001213
3753 0.001209
3754 0.001206
3755 0.001204
3756 0.001202
3757 0.001200
3758 0.001199
3759 0.001199
3760 0.001199
3761 0.001200
3762 0.001201
3763 0.001204
3764 0.001207
3765 0.001211
3766 0.001215
3767 0.001220
3768 0.001226
3769 0.001233
3770 0.001241
3771 0.001249
3772 0.001258
3773 0.001267
3774 0.001277
3775 0.001288
3776 0.001299
3777 0.001311
3778 0.001323
3779 0.001335
3780 0.001348
3781 0.001360
3782 0.001373
3783 0.001385
3784 0.001397
3785 0.001410
3786 0.001422
3787 0.001435
3788 0.001447
3789 0.001460
3790 0.001472
3791 0.001485
3792 0.001497
3793 0.001511
3794 0.001524
3795 0.001538
3796 0.001552
3797 0.001566
3798 0.001581
3799 0.001596
3800 0.001612
3801 0.001628
3802 0.001644
3803 0.001662
3804 0.001680
3805 0.001699
3806 0.001718
3807 0.001738
3808 0.001757
3809 0.001777
3810 0.001797
3811 0.001817
3812 0.001836
3813 0.001855
3814 0.001874
3815 0.001893
3816 0.001912
3817 0.001931
3818 0.001949
3819 0.001966
3820 0.001984
3821 0.002001
3822 0.002018
3823 0.002035
3824 0.002051
3825 0.002067
3826 0.002083
3827 0.002098
3828 0.002114
3829 0.002129
3830 0.002143
3831 0.002157
3832 0.002170
3833 0.002183
3834 0.002194
3835 0.002206
3836 0.002216
3837 0.002226
3838 0.002235
3839 0.002243
3840 0.002251
3841 0.002257
3842 0.002262
3843 0.002266
3844 0.002268
3845 0.002270
3846 0.002271
3847 0.002271
3848 0.002270
3849 0.002268
3850 0.002266
3851 0.002263
3852 0.002259
3853 0.002255
3854 0.002250
3855 0.002244
3856 0.002238
3857 0.002232
3858 0.002225
3859 0.002218
3860 0.002211
3861 0.002203
3862 0.002194
3863 0.002185
3864 0.002176
3865 0.002166
3866 0.002156
3867 0.002146
3868 0.002135
3869 0.002124
3870 0.002112
3871 0.002100
3872 0.002088
3873 0.002076
3874 0.002064
3875 0.002051
3876 0.002039
3877 0.002026
3878 0.002012
3879 0.001999
3880 0.001985
3881 0.001971
3882 0.001957
3883 0.001943
3884 0.001928
3885 0.001912
3886 0.001897
3887 0.001881
3888 0.001864
3889 0.001848
3890 0.001831
3891 0.001815
3892 0.001799
3893 0.001782
3894 0.001766
3895 0.001750
3896 0.001733
3897 0.001716
3898 0.001699
3899 0.001682
3900 0.001664
3901 0.001647
3902 0.001630
3903 0.001614
3904 0.001598
3905 0.001583
3906 0.001568
3907 0.001554
3908 0.001540
3909 0.001527
3910 0.001514
3911 0.001501
3912 0.001489
3913 0.001477
3914 0.001466
3915 0.001456
3916 0.001446
3917 0.001437
3918 0.001428
3919 0.001420
3920 0.001412
3921 0.001404
3922 0.001397
3923 0.001391
3924 0.001385
3925 0.001379
3926 0.001373
3927 0.001369
3928 0.001364
3929 0.001361
3930 0.001358
3931 0.001355
3932 0.001354
3933 0.001353
3934 0.001352
3935 0.001351
3936 0.001351
3937 0.001352
3938 0.001353
3939 0.001354
3940 0.001356
3941 0.001357
3942 0.001359
3943 0.001361
3944 0.001362
3945 0.001364
3946 0.001366
3947 0.001369
3948 0.001372
3949 0.001376
3950 0.001381
3951 0.001387
3952 0.001393
3953 0.001400
3954 0.001407
3955 0.001415
3956 0.001424
3957 0.001434
3958 0.001444
3959 0.001454
3960 0.001465
3961 0.001476
3962 0.001486
3963 0.001497
3964 0.001508
3965 0.001518
3966 0.001528
3967 0.001537
3968 0.001547
3969 0.001556
3970 0.001566
3971 0.001575
3972 0.001583
3973 0.001591
3974 0.001598
3975 0.001605
3976 0.001611
3977 0.001617
3978 0.001622
3979 0.001626
3980 0.001629
3981 0.001632
3982 0.001633
3983 0.001634
3984 0.001633
3985 0.001631
3986 0.001628
3987 0.001624
3988 0.001620
3989 0.001615
3990 0.001610
3991 0.001604
3992 0.001598
3993 0.001591
3994 0.001584
3995 0.001576
3996 0.001568
3997 0.001558
3998 0.001548
3999 0.001538
4000 0.001526
4001 0.001515
4002 0.001503
4003 0.001490
4004 0.001477
4005 0.001464
4006 0.001450
4007 0.001435
4008 0.001420
4009 0.001404
4010 0.001388
4011 0.001370
4012 0.001353
4013 0.001335
4014 0.001317
4015 0.001298
4016 0.001280
4017 0.001261
4018 0.001241
4019 0.001221
4020 0.001201
4021 0.001180
4022 0.001159
4023 0.001138
4024 0.001117
4025 0.001095
4026 0.001074
4027 0.001053
4028 0.001033
4029 0.001013
4030 0.000993
4031 0.000973
4032 0.000954
4033 0.000935
4034 0.000916
4035 0.000897
4036 0.000878
4037 0.000859
4038 0.000840
4039 0.000821
4040 0.000802
4041 0.000783
4042 0.000764
4043 0.000745
4044 0.000727
4045 0.000708
4046 0.000690
4047 0.000672
4048 0.000654
4049 0.000637
4050 0.000619
4051 0.000602
4052 0.000584
4053 0.000567
4054 0.000550
4055 0.000533
4056 0.000516
4057 0.000500
4058 0.000483
4059 0.000467
4060 0.000451
4061 0.000435
4062 0.000419
4063 0.000403
4064 0.000387
4065 0.000371
4066 0.000355
4067 0.000340
4068 0.000324
4069 0.000309
4070 0.000295
4071 0.000280
4072 0.000266
4073 0.000252
4074 0.000237
4075 0.000224
4076 0.000210
4077 0.000197
4078 0.000184
4079 0.000171
4080 0.000158
4081 0.000146
4082 0.000134
4083 0.000122
4084 0.000111
4085 0.000099
4086 0.000088
4087 0.000077
4088 0.000065
4089 0.000054
4090 0.000043
4091 0.000032
4092 0.000021
4093 0.000010
4094 0.000000
4095 0.000010
4096 0.000021
4097 0.000031
4098 0.000041
4099 0.000051
4100 0.000061
4101 0.000070
4102 0.000080
4103 0.000089
4104 0.000097
4105 0.000105
4106 0.000113
4107 0.000120
4108 0.000127
4109 0.000134
4110 0.000140
4111 0.000146
4112 0.000153
4113 0.000159
4114 0.000165
4115 0.000170
4116 0.000175
4117 0.000180
4118 0.000185
4119 0.000189
4120 0.000193
4121 0.000197
4122 0.000200
4123 0.000203
4124 0.000206
4125 0.000210
4126 0.000213
4127 0.000215
4128 0.000217
4129 0.000219
4130 0.000221
4131 0.000222
4132 0.000223
4133 0.000223
4134 0.000223
4135 0.000223
4136 0.000223
4137 0.000223
4138 0.000222
4139 0.000222
4140 0.000222
4141 0.000221
4142 0.000221
4143 0.000220
4144 0.000219
4145 0.000218
4146 0.000217
4147 0.000216
4148 0.000215
4149 0.000214
4150 0.000213
4151 0.000212
4152 0.000210
4153 0.000209
4154 0.000209
4155 0.000208
4156 0.000207
4157 0.000206
4158 0.000205
4159 0.000204
4160 0.000203
4161 0.000202
4162 0.000201
4163 0.000200
4164 0.000200
4165 0.000200
4166 0.000200
4167 0.000201
4168 0.000202
4169 0.000203
4170 0.000205
4171 0.000206
4172 0.000207
4173 0.000209
4174 0.000211
4175 0.000213
4176 0.000216
4177 0.000219
4178 0.000223
4179 0.000228
4180 0.000233
4181 0.000238
4182 0.000244
4183 0.000250
4184 0.000257
4185 0.000264
4186 0.000271
4187 0.000279
4188 0.000287
4189 0.000295
4190 0.000303
4191 0.000310
4192 0.000318
4193 0.000325
4194 0.000332
4195 0.000338
4196 0.000345
4197 0.000351
4198 0.000358
4199 0.000364
4200 0.000370
4201 0.000376
4202 0.000382
4203 0.000387
4204 0.000392
4205 0.000396
4206 0.000400
4207 0.000403
4208 0.000406
4209 0.000409
4210 0.000411
4211 0.000412
4212 0.000414
4213 0.000415
4214 0.000416
4215 0.000416
4216 0.000417
4217 0.000417
4218 0.000418
4219 0.000418
4220 0.000418
4221 0.000419
4222 0.000419
4223 0.000418
4224 0.000418
4225 0.000417
4226 0.000415
4227 0.000413
4228 0.000411
4229 0.000408
4230 0.000405
4231 0.000402
4232 0.000398
4233 0.000394
4234 0.000389
4235 0.000385
4236 0.000380
4237 0.000376
4238 0.000371
4239 0.000366
4240 0.000361
4241 0.000357
4242 0.000352
4243 0.000348
4244 0.000344
4245 0.000340
4246 0.000335
4247 0.000331
4248 0.000327
4249 0.000322
4250 0.000317
4251 0.000311
4252 0.000306
4253 0.000301
4254 0.000295
4255 0.000290
4256 0.000285
4257 0.000280
4258 0.000275
4259 0.000270
4260 0.000266
4261 0.000262
4262 0.000257
4263 0.000253
4264 0.000248
4265 0.000244
4266 0.000239
4267 0.000234
4268 0.000229
4269 0.000225
4270 0.000220
4271 0.000215
4272 0.000211
4273 0.000206
4274 0.000202
4275 0.000198
4276 0.000195
4277 0.000191
4278 0.000187
4279 0.000184
4280 0.000181
4281 0.000178
4282 0.000175
4283 0.000172
4284 0.000169
4285 0.000166
4286 0.000163
4287 0.000160
4288 0.000158
4289 0.000156
4290 0.000154
4291 0.000152
4292 0.000151
4293 0.000150
4294 0.000149
4295 0.000148
4296 0.000148
4297 0.000149
4298 0.000149
4299 0.000150
4300 0.000152
4301 0.000153
4302 0.000154
4303 0.000156
4304 0.000157
4305 0.000158
4306 0.000159
4307 0.000160
4308 0.000161
4309 0.000161
4310 0.000162
4311 0.000162
4312 0.000163
4313 0.000163
4314 0.000163
4315 0.000162
4316 0.000162
4317 0.000162
4318 0.000162
4319 0.000162
4320 0.000163
4321 0.000163
4322 0.000164
4323 0.000164
4324 0.000165
4325 0.000165
4326 0.000166
4327 0.000167
4328 0.000168
4329 0.000169
4330 0.000170
4331 0.000172
4332 0.000174
4333 0.000177
4334 0.000180
4335 0.000183
4336 0.000186
4337 0.000190
4338 0.000193
4339 0.000197
4340 0.000201
4341 0.000205
4342 0.000209
4343 0.000213
4344 0.000217
4345 0.000221
4346 0.000225
4347 0.000228
4348 0.000232
4349 0.000235
4350 0.000238
4351 0.000241
4352 0.000244
4353 0.000247
4354 0.000249
4355 0.000251
4356 0.000253
4357 0.000255
4358 0.000256
4359 0.000257
4360 0.000258
4361 0.000259
4362 0.000261
4363 0.000262
4364 0.000264
4365 0.000266
4366 0.000267
4367 0.000269
4368 0.000271
4369 0.000273
4370 0.000276
4371 0.000279
4372 0.000282
4373 0.000285
4374 0.000289
4375 0.000293
4376 0.000297
4377 0.000301
4378 0.000306
4379 0.000311
4380 0.000317
4381 0.000323
4382 0.000329
4383 0.000335
4384 0.000341
4385 0.000347
4386 0.000354
4387 0.000360
4388 0.000367
4389 0.000375
4390 0.000382
4391 0.000389
4392 0.000397
4393 0.000404
4394 0.000412
4395 0.000420
4396 0.000428
4397 0.000436
4398 0.000444
4399 0.000453
4400 0.000462
4401 0.000470
4402 0.000479
4403 0.000487
4404 0.000495
4405 0.000503
4406 0.000510
4407 0.000517
4408 0.000524
4409 0.000531
4410 0.000537
4411 0.000543
4412 0.000548
4413 0.000553
4414 0.000557
4415 0.000560
4416 0.000564
4417 0.000567
4418 0.000569
4419 0.000572
4420 0.000574
4421 0.000576
4422 0.000578
4423 0.000580
4424 0.000581
4425 0.000582
4426 0.000583
4427 0.000583
4428 0.000583
4429 0.000582
4430 0.000581
4431 0.000580
4432 0.000579
4433 0.000578
4434 0.000576
4435 0.000574
4436 0.000571
4437 0.000568
4438 0.000565
4439 0.000561
4440 0.000556
4441 0.000552
4442 0.000547
4443 0.000541
4444 0.000535
4445 0.000529
4446 0.000522
4447 0.000515
4448 0.000508
4449 0.000500
4450 0.000493
4451 0.000485
4452 0.000477
4453 0.000469
4454 0.000461
4455 0.000453
4456 0.000444
4457 0.000436
4458 0.000428
4459 0.000419
4460 0.000411
4461 0.000402
4462 0.000393
4463 0.000384
4464 0.000374
4465 0.000364
4466 0.000354
4467 0.000344
4468 0.000334
4469 0.000323
4470 0.000312
4471 0.000300
4472 0.000289
4473 0.000278
4474 0.000267
4475 0.000256
4476 0.000245
4477 0.000235
4478 0.000224
4479 0.000213
4480 0.000203
4481 0.000193
4482 0.000184
4483 0.000174
4484 0.000165
4485 0.000157
4486 0.000148
4487 0.000140
4488 0.000132
4489 0.000123
4490 0.000115
4491 0.000108
4492 0.000100
4493 0.000092
4494 0.000085
4495 0.000078
4496 0.000072
4497 0.000066
4498 0.000060
4499 0.000054
4500 0.000048
4501 0.000043
4502 0.000037
4503 0.000031
4504 0.000025
4505 0.000019
4506 0.000013
4507 0.000007
4508 0.000001
4509 0.000005
4510 0.000011
4511 0.000017
4512 0.000023
4513 0.000029
4514 0.000035
4515 0.000041
4516 0.000046
4517 0.000052
4518 0.000057
4519 0.000061
4520 0.000066
4521 0.000070
4522 0.000074
4523 0.000078
4524 0.000082
4525 0.000086
4526 0.000090
4527 0.000094
4528 0.000098
4529 0.000102
4530 0.000105
4531 0.000108
4532 0.000111
4533 0.000114
4534 0.000117
4535 0.000119
4536 0.000120
4537 0.000122
4538 0.000123
4539 0.000123
4540 0.000124
4541 0.000123
4542 0.000123
4543 0.000122
4544 0.000121
4545 0.000120
4546 0.000119
4547 0.000118
4548 0.000117
4549 0.000117
4550 0.000116
4551 0.000115
4552 0.000114
4553 0.000113
4554 0.000111
4555 0.000109
4556 0.000107
4557 0.000106
4558 0.000104
4559 0.000102
4560 0.000100
4561 0.000099
4562 0.000097
4563 0.000095
4564 0.000092
4565 0.000090
4566 0.000087
4567 0.000085
4568 0.000083
4569 0.000081
4570 0.000078
4571 0.000076
4572 0.000075
4573 0.000073
4574 0.000071
4575 0.000069
4576 0.000067
4577 0.000066
4578 0.000064
4579 0.000062
4580 0.000061
4581 0.000060
4582 0.000058
4583 0.000058
4584 0.000057
4585 0.000056
4586 0.000056
4587 0.000056
4588 0.000056
4589 0.000056
4590 0.000057
4591 0.000057
4592 0.000058
4593 0.000059
4594 0.000060
4595 0.000061
4596 0.000062
4597 0.000062
4598 0.000063
4599 0.000064
4600 0.000064
4601 0.000066
4602 0.000067
4603 0.000069
4604 0.000070
4605 0.000072
4606 0.000075
4607 0.000077
4608 0.000080
4609 0.000083
4610 0.000086
4611 0.000089
4612 0.000092
4613 0.000095
4614 0.000099
4615 0.000103
4616 0.000107
4617 0.000111
4618 0.000115
4619 0.000119
4620 0.000123
4621 0.000128
4622 0.000132
4623 0.000136
4624 0.000140
4625 0.000144
4626 0.000148
4627 0.000151
4628 0.000155
4629 0.000158
4630 0.000161
4631 0.000164
4632 0.000166
4633 0.000169
4634 0.000171
4635 0.000173
4636 0.000176
4637 0.000178
4638 0.000181
4639 0.000183
4640 0.000185
4641 0.000187
4642 0.000189
4643 0.000191
4644 0.000193
4645 0.000195
4646 0.000196
4647 0.000198
4648 0.000201
4649 0.000203
4650 0.000205
4651 0.000207
4652 0.000209
4653 0.000211
4654 0.000212
4655 0.000214
4656 0.000216
4657 0.000218
4658 0.000219
4659 0.000220
4660 0.000222
4661 0.000223
4662 0.000224
4663 0.000224
4664 0.000225
4665 0.000226
4666 0.000226
4667 0.000226
4668 0.000226
4669 0.000226
4670 0.000226
4671 0.000225
4672 0.000224
4673 0.000223
4674 0.000222
4675 0.000220
4676 0.000218
4677 0.000216
4678 0.000213
4679 0.000211
4680 0.000208
4681 0.000205
4682 0.000202
4683 0.000199
4684 0.000196
4685 0.000193
4686 0.000189
4687 0.000185
4688 0.000181
4689 0.000177
4690 0.000173
4691 0.000169
4692 0.000165
4693 0.000161
4694 0.000157
4695 0.000153
4696 0.000149
4697 0.000144
4698 0.000139
4699 0.000134
4700 0.000129
4701 0.000123
4702 0.000118
4703 0.000112
4704 0.000107
4705 0.000101
4706 0.000096
4707 0.000091
4708 0.000085
4709 0.000080
4710 0.000075
4711 0.000070
4712 0.000065
4713 0.000061
4714 0.000057
4715 0.000053
4716 0.000049
4717 0.000045
4718 0.000042
4719 0.000039
4720 0.000035
4721 0.000032
4722 0.000029
4723 0.000027
4724 0.000024
4725 0.000022
4726 0.000021
4727 0.000019
4728 0.000018
4729 0.000017
4730 0.000016
4731 0.000015
4732 0.000014
4733 0.000014
4734 0.000014
4735 0.000013
4736 0.000014
4737 0.000014
4738 0.000014
4739 0.000015
4740 0.000016
4741 0.000017
4742 0.000018
4743 0.000019
4744 0.000020
4745 0.000022
4746 0.000023
4747 0.000025
4748 0.000027
4749 0.000029
4750 0.000031
4751 0.000033
4752 0.000036
4753 0.000038
4754 0.000041
4755 0.000044
4756 0.000047
4757 0.000051
4758 0.000055
4759 0.000058
4760 0.000062
4761 0.000066
4762 0.000071
4763 0.000076
4764 0.000081
4765 0.000086
4766 0.000092
4767 0.000098
4768 0.000104
4769 0.000110
4770 0.000117
4771 0.000124
4772 0.000130
4773 0.000137
4774 0.000143
4775 0.000150
4776 0.000157
4777 0.000163
4778 0.000170
4779 0.000176
4780 0.000183
4781 0.000189
4782 0.000196
4783 0.000202
4784 0.000209
4785 0.000215
4786 0.000222
4787 0.000228
4788 0.000235
4789 0.000241
4790 0.000247
4791 0.000254
4792 0.000260
4793 0.000266
4794 0.000273
4795 0.000279
4796 0.000286
4797 0.000292
4798 0.000299
4799 0.000305
4800 0.000312
4801 0.000318
4802 0.000325
4803 0.000331
4804 0.000337
4805 0.000343
4806 0.000349
4807 0.000355
4808 0.000360
4809 0.000365
4810 0.000370
4811 0.000375
4812 0.000379
4813 0.000383
4814 0.000386
4815 0.000390
4816 0.000393
4817 0.000395
4818 0.000398
4819 0.000400
4820 0.000402
4821 0.000404
4822 0.000406
4823 0.000407
4824 0.000408
4825 0.000409
4826 0.000410
4827 0.000410
4828 0.000410
4829 0.000410
4830 0.000410
4831 0.000410
4832 0.000409
4833 0.000408
4834 0.000407
4835 0.000406
4836 0.000404
4837 0.000402
4838 0.000401
4839 0.000399
4840 0.000397
4841 0.000395
4842 0.000393
4843 0.000392
4844 0.000390
4845 0.000389
4846 0.000387
4847 0.000386
4848 0.000384
4849 0.000383
4850 0.000381
4851 0.000380
4852 0.000378
4853 0.000376
4854 0.000375
4855 0.000373
4856 0.000372
4857 0.000371
4858 0.000370
4859 0.000370
4860 0.000369
4861 0.000368
4862 0.000368
4863 0.000367
4864 0.000367
4865 0.000366
4866 0.000365
4867 0.000365
4868 0.000365
4869 0.000364
4870 0.000364
4871 0.000364
4872 0.000364
4873 0.000364
4874 0.000363
4875 0.000363
4876 0.000364
4877 0.000364
4878 0.000364
4879 0.000364
4880 0.000365
4881 0.000365
4882 0.000365
4883 0.000366
4884 0.000366
4885 0.000367
4886 0.000367
4887 0.000368
4888 0.000368
4889 0.000369
4890 0.000370
4891 0.000371
4892 0.000372
4893 0.000373
4894 0.000374
4895 0.000375
4896 0.000376
4897 0.000377
4898 0.000377
4899 0.000378
4900 0.000379
4901 0.000381
4902 0.000382
4903 0.000383
4904 0.000384
4905 0.000385
4906 0.000386
4907 0.000387
4908 0.000388
4909 0.000390
4910 0.000391
4911 0.000393
4912 0.000395
4913 0.000396
4914 0.000398
4915 0.000400
4916 0.000402
4917 0.000404
4918 0.000406
4919 0.000407
4920 0.000409
4921 0.000411
4922 0.000413
4923 0.000415
4924 0.000417
4925 0.000418
4926 0.000420
4927 0.000421
4928 0.000423
4929 0.000424
4930 0.000425
4931 0.000426
4932 0.000428
4933 0.000429
4934 0.000430
4935 0.000431
4936 0.000433
4937 0.000434
4938 0.000435
4939 0.000436
4940 0.000437
4941 0.000438
4942 0.000439
4943 0.000439
4944 0.000440
4945 0.000441
4946 0.000441
4947 0.000442
4948 0.000442
4949 0.000443
4950 0.000443
4951 0.000443
4952 0.000443
4953 0.000443
4954 0.000443
4955 0.000443
4956 0.000443
4957 0.000442
4958 0.000442
4959 0.000442
4960 0.000441
4961 0.000441
4962 0.000440
4963 0.000440
4964 0.000439
4965 0.000439
4966 0.000439
4967 0.000439
4968 0.000438
4969 0.000438
4970 0.000438
4971 0.000437
4972 0.000437
4973 0.000436
4974 0.000435
4975 0.000435
4976 0.000434
4977 0.000433
4978 0.000432
4979 0.000432
4980 0.000431
4981 0.000430
4982 0.000430
4983 0.000429
4984 0.000429
4985 0.000428
4986 0.000427
4987 0.000427
4988 0.000427
4989 0.000426
4990 0.000426
4991 0.000426
4992 0.000425
4993 0.000425
4994 0.000424
4995 0.000424
4996 0.000424
4997 0.000423
4998 0.000423
4999 0.000423
