0.050000 1.000000 1.000000 1.000000 1.000000 1.000000 1.000000 0.000000
0.100000 1.000000 1.000000 1.000000 1.000000 1.000000 1.000000 0.000000
0.150000 1.000000 1.000000 1.000000 1.000000 1.000000 1.000000 0.000000
0.200000 1.000000 1.000000 1.000000 1.000000 1.000000 1.000000 0.000000
0.250000 1.000000 1.000000 1.000000 1.000000 1.000000 1.000000 0.000000
0.300000 1.000000 1.000000 1.000000 1.000000 1.000000 1.000000 0.000000
0.350000 1.000000 1.000000 1.000000 1.000000 1.000000 1.000000 0.000000
0.400000 1.000000 1.000000 1.000000 1.000000 1.000000 1.000000 0.000000
0.450000 1.000000 1.000000 1.000000 1.000000 1.000000 1.000000 0.000000
0.500000 1.000000 1.000000 1.000000 1.000000 1.000000 1.000000 0.000000
0.550000 1.000000 1.000000 0.999988 1.000000 1.000000 0.999998 0.000002
0.600000 1.000000 1.000000 0.999988 1.000000 0.999988 0.999995 0.000003
0.650000 1.000000 0.999988 0.999988 0.999975 0.999988 0.999988 0.000004
0.700000 0.999988 0.999975 0.999988 0.999988 0.999988 0.999985 0.000003
0.750000 0.999950 0.999938 0.999988 0.999950 0.999950 0.999955 0.000009
0.800000 0.999913 0.999888 0.999950 0.999913 0.999888 0.999910 0.000011
0.850000 0.999875 0.999800 0.999763 0.999825 0.999813 0.999815 0.000018
0.900000 0.999713 0.999688 0.999663 0.999675 0.999763 0.999700 0.000018
0.950000 0.999638 0.999675 0.999500 0.999675 0.999488 0.999595 0.000042
1.000000 0.999350 0.999200 0.999075 0.999388 0.999325 0.999268 0.000058
1.050000 0.998913 0.998763 0.999013 0.998963 0.998838 0.998898 0.000044
1.100000 0.998388 0.998675 0.998475 0.998475 0.998488 0.998500 0.000047
1.150000 0.997813 0.997738 0.997613 0.997863 0.997488 0.997703 0.000068
1.200000 0.997263 0.997338 0.996963 0.997088 0.997238 0.997178 0.000067
1.250000 0.996125 0.996150 0.996225 0.995738 0.996138 0.996075 0.000086
1.300000 0.994913 0.995213 0.995250 0.995225 0.994900 0.995100 0.000079
1.350000 0.993300 0.993150 0.993013 0.993213 0.993575 0.993250 0.000094
1.400000 0.991150 0.990925 0.991575 0.991163 0.990875 0.991138 0.000124
1.450000 0.989300 0.989050 0.989913 0.989900 0.989000 0.989433 0.000200
1.500000 0.985975 0.986988 0.986600 0.986650 0.986463 0.986535 0.000165
1.550000 0.982888 0.982613 0.983700 0.983200 0.983238 0.983128 0.000183
1.600000 0.979675 0.979763 0.979300 0.979325 0.981088 0.979830 0.000328
1.650000 0.975638 0.974888 0.976475 0.975400 0.974700 0.975420 0.000313
1.700000 0.970950 0.970763 0.970675 0.970863 0.969650 0.970580 0.000237
1.750000 0.962525 0.964338 0.962663 0.963113 0.965288 0.963585 0.000532
1.800000 0.956887 0.957763 0.957138 0.957525 0.958087 0.957480 0.000214
1.850000 0.949962 0.949113 0.949400 0.947425 0.948287 0.948837 0.000445
1.900000 0.940287 0.940825 0.936500 0.938438 0.938525 0.938915 0.000766
1.950000 0.927363 0.927912 0.923775 0.928750 0.925075 0.926575 0.000928
2.000000 0.913312 0.910338 0.912062 0.913025 0.911700 0.912087 0.000529
2.050000 0.897463 0.895850 0.896400 0.892412 0.885562 0.893537 0.002166
2.100000 0.873538 0.874325 0.607600 0.869425 0.713325 0.787643 0.054552
2.150000 0.838712 0.412975 0.826912 0.034700 0.816175 0.585895 0.159492
2.200000 0.158275 0.396925 0.541225 0.513850 0.510275 0.424110 0.070923
2.250000 0.039713 0.076125 0.492762 0.234362 0.640925 0.296777 0.117370
2.300000 0.067000 0.017625 0.107188 0.140025 0.043363 0.075040 0.021933
2.350000 0.141525 0.158863 0.170075 0.116237 0.070875 0.131515 0.017671
2.400000 0.073387 0.086300 0.056750 0.059463 0.025038 0.060188 0.010257
2.450000 0.002912 0.008550 0.040600 0.025663 0.034262 0.022397 0.007260
2.500000 0.003950 0.033363 0.007888 0.000162 0.004325 0.009938 0.005983
2.550000 0.019475 0.020225 0.037325 0.004162 0.003525 0.016942 0.006229
2.600000 0.008175 0.003325 0.023750 0.020025 0.015225 0.014100 0.003746
2.650000 0.000287 0.028850 0.010650 0.001612 0.025337 0.013347 0.005915
2.700000 0.000250 0.000925 0.012075 0.000125 0.016850 0.006045 0.003521
2.750000 0.004012 0.004325 0.000550 0.014412 0.011950 0.007050 0.002618
2.800000 0.001900 0.007425 0.000587 0.018537 0.018337 0.009357 0.003880
2.850000 0.001800 0.004988 0.005525 0.005687 0.013662 0.006332 0.001964
2.900000 0.007763 0.002325 0.006863 0.010037 0.007312 0.006860 0.001259
2.950000 0.009000 0.005000 0.009525 0.000050 0.007188 0.006153 0.001719
3.000000 0.008287 0.001025 0.019037 0.000500 0.002637 0.006297 0.003472
3.050000 0.005787 0.008325 0.004338 0.012837 0.010963 0.008450 0.001574
3.100000 0.000725 0.015537 0.003050 0.011725 0.001762 0.006560 0.002972
3.150000 0.012575 0.018800 0.000387 0.008575 0.007250 0.009517 0.003041
3.200000 0.009663 0.020313 0.011188 0.009838 0.015100 0.013220 0.002026
3.250000 0.002300 0.009100 0.013500 0.009613 0.014337 0.009770 0.002134
3.300000 0.004700 0.004812 0.007925 0.007012 0.002487 0.005387 0.000956
3.350000 0.000962 0.015975 0.001650 0.005000 0.000788 0.004875 0.002878
3.400000 0.000100 0.006312 0.001950 0.011337 0.004587 0.004857 0.001940
3.450000 0.006625 0.001212 0.015450 0.002225 0.000025 0.005107 0.002816
3.500000 0.009413 0.007237 0.006513 0.003425 0.005463 0.006410 0.000988
3.550000 0.003687 0.000688 0.009800 0.000000 0.000688 0.002973 0.001822
3.600000 0.006275 0.001538 0.000962 0.006838 0.002325 0.003588 0.001234
3.650000 0.002212 0.005187 0.000425 0.003087 0.005100 0.003202 0.000901
3.700000 0.009025 0.004150 0.000037 0.002438 0.000213 0.003173 0.001648
3.750000 0.000775 0.002238 0.004600 0.000013 0.009850 0.003495 0.001771
3.800000 0.007963 0.004063 0.008800 0.002450 0.003363 0.005328 0.001279
3.850000 0.002850 0.009212 0.011025 0.009487 0.004950 0.007505 0.001540
3.900000 0.003788 0.003162 0.006588 0.012313 0.000525 0.005275 0.002006
3.950000 0.000587 0.006150 0.001088 0.000950 0.002563 0.002268 0.001027
4.000000 0.003825 0.004425 0.003988 0.006013 0.007925 0.005235 0.000776
4.050000 0.004887 0.003012 0.002700 0.003738 0.010675 0.005002 0.001467
4.100000 0.006450 0.011738 0.003937 0.001888 0.000025 0.004808 0.002036
4.150000 0.001863 0.001687 0.002500 0.004250 0.003437 0.002747 0.000485
4.200000 0.000138 0.003363 0.002688 0.000600 0.004912 0.002340 0.000885
4.250000 0.002675 0.004300 0.000450 0.008150 0.008187 0.004752 0.001523
4.300000 0.001175 0.005512 0.001488 0.009287 0.006987 0.004890 0.001573
4.350000 0.003375 0.000250 0.003175 0.000775 0.004363 0.002388 0.000796
4.400000 0.000288 0.003363 0.004000 0.008500 0.001275 0.003485 0.001424
4.450000 0.002500 0.002075 0.002950 0.005000 0.003238 0.003153 0.000502
4.500000 0.000975 0.001362 0.003188 0.002775 0.003812 0.002422 0.000541
4.550000 0.002062 0.004775 0.006625 0.002788 0.007387 0.004727 0.001038
4.600000 0.000362 0.007362 0.000512 0.000187 0.004250 0.002535 0.001424
4.650000 0.002338 0.006075 0.005238 0.001888 0.004175 0.003943 0.000809
4.700000 0.002125 0.003250 0.001975 0.010850 0.007062 0.005052 0.001717
4.750000 0.007638 0.006750 0.004325 0.003638 0.001138 0.004698 0.001157
4.800000 0.010163 0.000100 0.008450 0.004050 0.001537 0.004860 0.001941
4.850000 0.006525 0.003425 0.002550 0.001713 0.006437 0.004130 0.000997
4.900000 0.007013 0.002725 0.004550 0.003025 0.000375 0.003538 0.001096
4.950000 0.001825 0.000437 0.002450 0.004400 0.000313 0.001885 0.000749
5.000000 0.002938 0.001250 0.003650 0.003425 0.000663 0.002385 0.000602
