0 1.000000 
1 0.995305 
2 0.990610 
3 0.990610 
4 0.985263 
5 0.985263 
6 0.980568 
7 0.975220 
8 0.969873 
9 0.964525 
10 0.959830 
11 0.955135 
12 0.950441 
13 0.950441 
14 0.945746 
15 0.941051 
16 0.936356 
17 0.931661 
18 0.931661 
19 0.926966 
20 0.922272 
21 0.916924 
22 0.916924 
23 0.916924 
24 0.916924 
25 0.911576 
26 0.911576 
27 0.906882 
28 0.911576 
29 0.906229 
30 0.900881 
31 0.895534 
32 0.895534 
33 0.895534 
34 0.890839 
35 0.885491 
36 0.880144 
37 0.880144 
38 0.875449 
39 0.870754 
40 0.865406 
41 0.860712 
42 0.855364 
43 0.850016 
44 0.850016 
45 0.844669 
46 0.844669 
47 0.839321 
48 0.833974 
49 0.829279 
50 0.833974 
51 0.833974 
52 0.829279 
53 0.824584 
54 0.819236 
55 0.813889 
56 0.808541 
57 0.808541 
58 0.803846 
59 0.803846 
60 0.803846 
61 0.803846 
62 0.803846 
63 0.803846 
64 0.809194 
65 0.804499 
66 0.799151 
67 0.794457 
68 0.789762 
69 0.784414 
70 0.784414 
71 0.784414 
72 0.789762 
73 0.785067 
74 0.789762 
75 0.784414 
76 0.779719 
77 0.775024 
78 0.775024 
79 0.770330 
80 0.770330 
81 0.765635 
82 0.760287 
83 0.764982 
84 0.764982 
85 0.760287 
86 0.760287 
87 0.765635 
88 0.760287 
89 0.754940 
90 0.749592 
91 0.744244 
92 0.744244 
93 0.748939 
94 0.744244 
95 0.739550 
96 0.739550 
97 0.734855 
98 0.730160 
99 0.735508 
100 0.730813 
101 0.726118 
102 0.731465 
103 0.726771 
104 0.726771 
105 0.721423 
106 0.716075 
107 0.710728 
108 0.706033 
109 0.701338 
110 0.701338 
111 0.701338 
112 0.701338 
113 0.696643 
114 0.691296 
115 0.691296 
116 0.695991 
117 0.695991 
118 0.690643 
119 0.695338 
120 0.700033 
121 0.700033 
122 0.700033 
123 0.705380 
124 0.700033 
125 0.694685 
126 0.700033 
127 0.695338 
128 0.689990 
129 0.685295 
130 0.680601 
131 0.675253 
132 0.670558 
133 0.670558 
134 0.665211 
135 0.670558 
136 0.665863 
137 0.661168 
138 0.655821 
139 0.651126 
140 0.646431 
141 0.646431 
142 0.646431 
143 0.641736 
144 0.637041 
145 0.637041 
146 0.641736 
147 0.636389 
148 0.631694 
149 0.637041 
150 0.637041 
151 0.632347 
152 0.626999 
153 0.632347 
154 0.626999 
155 0.626999 
156 0.632347 
157 0.627652 
158 0.622304 
159 0.622304 
160 0.626999 
161 0.621651 
162 0.621651 
163 0.616304 
164 0.616304 
165 0.621651 
166 0.616957 
167 0.612262 
168 0.606914 
169 0.602219 
170 0.597525 
171 0.597525 
172 0.592177 
173 0.592177 
174 0.592177 
175 0.597525 
176 0.592177 
177 0.587482 
178 0.582135 
179 0.582135 
180 0.576787 
181 0.572092 
182 0.567397 
183 0.562050 
184 0.556702 
185 0.552007 
186 0.552007 
187 0.552007 
188 0.546660 
189 0.541312 
190 0.535964 
191 0.530617 
192 0.525922 
193 0.530617 
194 0.530617 
195 0.525922 
196 0.525922 
197 0.521227 
198 0.515880 
199 0.510532 
200 0.515227 
201 0.515227 
202 0.515227 
203 0.510532 
204 0.515227 
205 0.510532 
206 0.515880 
207 0.515880 
208 0.511185 
209 0.505837 
210 0.510532 
211 0.505184 
212 0.500490 
213 0.500490 
214 0.505837 
215 0.510532 
216 0.505837 
217 0.501142 
218 0.496447 
219 0.496447 
220 0.496447 
221 0.491100 
222 0.491100 
223 0.495795 
224 0.495795 
225 0.495795 
226 0.490447 
227 0.490447 
228 0.490447 
229 0.490447 
230 0.485752 
231 0.490447 
232 0.485100 
233 0.480405 
234 0.475710 
235 0.470362 
236 0.470362 
237 0.470362 
238 0.465667 
239 0.470362 
240 0.465667 
241 0.460320 
242 0.455625 
243 0.450277 
244 0.450277 
245 0.450277 
246 0.445583 
247 0.440235 
248 0.435540 
249 0.430845 
250 0.426150 
251 0.430845 
252 0.426150 
253 0.421456 
254 0.416108 
255 0.416108 
256 0.416108 
257 0.420803 
258 0.415455 
259 0.410108 
260 0.404760 
261 0.404760 
262 0.410108 
263 0.410108 
264 0.405413 
265 0.400718 
266 0.396023 
267 0.390676 
268 0.385981 
269 0.385981 
270 0.380633 
271 0.385328 
272 0.385328 
273 0.385328 
274 0.379980 
275 0.379980 
276 0.374633 
277 0.379328 
278 0.379328 
279 0.379328 
280 0.373980 
281 0.369285 
282 0.363938 
283 0.363938 
284 0.369285 
285 0.369285 
286 0.373980 
287 0.369285 
288 0.364590 
289 0.359896 
290 0.359896 
291 0.359896 
292 0.354548 
293 0.349853 
294 0.349853 
295 0.345158 
296 0.339811 
297 0.335116 
298 0.329768 
299 0.329768 
300 0.325073 
301 0.320379 
302 0.315031 
303 0.319726 
304 0.314378 
305 0.314378 
306 0.314378 
307 0.309683 
308 0.314378 
309 0.309031 
310 0.303683 
311 0.303683 
312 0.303683 
313 0.298335 
314 0.303030 
315 0.308378 
316 0.308378 
317 0.303030 
318 0.303030 
319 0.303030 
320 0.303030 
321 0.303030 
322 0.303030 
323 0.303030 
324 0.303030 
325 0.298335 
326 0.303683 
327 0.298988 
328 0.298988 
329 0.294293 
330 0.288946 
331 0.284251 
332 0.284251 
333 0.278903 
334 0.283598 
335 0.278251 
336 0.278251 
337 0.272903 
338 0.268208 
339 0.262861 
340 0.262861 
341 0.258166 
342 0.258166 
343 0.258166 
344 0.263513 
345 0.268861 
346 0.263513 
347 0.263513 
348 0.268208 
349 0.268208 
350 0.272903 
351 0.267555 
352 0.267555 
353 0.272903 
354 0.268208 
355 0.263513 
356 0.258166 
357 0.258166 
358 0.258166 
359 0.258166 
360 0.252818 
361 0.252818 
362 0.257513 
363 0.257513 
364 0.262208 
365 0.266903 
366 0.266903 
367 0.272250 
368 0.277598 
369 0.282945 
370 0.277598 
371 0.282293 
372 0.287640 
373 0.282293 
374 0.282293 
375 0.287640 
376 0.282945 
377 0.277598 
378 0.277598 
379 0.272903 
380 0.268208 
381 0.272903 
382 0.272903 
383 0.272903 
384 0.268208 
385 0.268208 
386 0.262861 
387 0.258166 
388 0.258166 
389 0.253471 
390 0.253471 
391 0.258818 
392 0.263513 
393 0.258166 
394 0.263513 
395 0.258166 
396 0.263513 
397 0.258818 
398 0.263513 
399 0.263513 
400 0.263513 
401 0.258166 
402 0.262861 
403 0.258166 
404 0.252818 
405 0.252818 
406 0.247471 
407 0.247471 
408 0.242776 
409 0.242776 
410 0.248123 
411 0.243428 
412 0.248776 
413 0.253471 
414 0.248776 
415 0.244081 
416 0.244081 
417 0.248776 
418 0.253471 
419 0.258818 
420 0.254124 
421 0.249429 
422 0.254776 
423 0.249429 
424 0.249429 
425 0.244734 
426 0.240039 
427 0.234692 
428 0.229344 
429 0.234039 
430 0.234039 
431 0.234039 
432 0.229344 
433 0.229344 
434 0.224649 
435 0.219302 
436 0.214607 
437 0.214607 
438 0.209912 
439 0.215259 
440 0.220607 
441 0.220607 
442 0.225955 
443 0.220607 
444 0.225302 
445 0.220607 
446 0.215259 
447 0.219954 
448 0.215259 
449 0.219954 
450 0.214607 
451 0.214607 
452 0.219954 
453 0.224649 
454 0.229997 
455 0.229997 
456 0.225302 
457 0.219954 
458 0.214607 
459 0.209259 
460 0.214607 
461 0.214607 
462 0.214607 
463 0.214607 
464 0.219954 
465 0.224649 
466 0.224649 
467 0.219302 
468 0.219302 
469 0.214607 
470 0.209259 
471 0.204564 
472 0.199869 
473 0.205217 
474 0.205217 
475 0.210565 
476 0.205870 
477 0.200522 
478 0.195175 
479 0.195175 
480 0.199869 
481 0.195175 
482 0.189827 
483 0.195175 
484 0.190480 
485 0.195175 
486 0.195175 
487 0.195175 
488 0.195175 
489 0.190480 
490 0.195827 
491 0.200522 
492 0.195175 
493 0.195175 
494 0.190480 
495 0.190480 
496 0.195827 
497 0.200522 
498 0.195827 
499 0.190480 
500 0.190480 
501 0.185785 
502 0.180437 
503 0.175090 
504 0.180437 
505 0.175743 
506 0.175743 
507 0.170395 
508 0.170395 
509 0.175743 
510 0.180437 
511 0.175090 
512 0.169742 
513 0.175090 
514 0.175090 
515 0.179785 
516 0.185132 
517 0.180437 
518 0.185132 
519 0.189827 
520 0.194522 
521 0.194522 
522 0.189827 
523 0.185132 
524 0.180437 
525 0.185785 
526 0.190480 
527 0.195827 
528 0.195827 
529 0.190480 
530 0.190480 
531 0.190480 
532 0.185132 
533 0.179785 
534 0.179785 
535 0.175090 
536 0.169742 
537 0.175090 
538 0.180437 
539 0.175090 
540 0.175090 
541 0.175090 
542 0.169742 
543 0.165047 
544 0.165047 
545 0.165047 
546 0.160352 
547 0.155658 
548 0.155658 
549 0.155658 
550 0.150310 
551 0.150310 
552 0.155005 
553 0.155005 
554 0.159700 
555 0.165047 
556 0.169742 
557 0.165047 
558 0.169742 
559 0.164395 
560 0.169089 
561 0.169089 
562 0.169089 
563 0.169089 
564 0.163742 
565 0.163742 
566 0.163742 
567 0.163742 
568 0.169089 
569 0.169089 
570 0.169089 
571 0.164395 
572 0.169089 
573 0.164395 
574 0.164395 
575 0.164395 
576 0.159700 
577 0.164395 
578 0.159047 
579 0.163742 
580 0.168437 
581 0.163742 
582 0.169089 
583 0.169089 
584 0.169089 
585 0.173784 
586 0.179132 
587 0.179132 
588 0.179132 
589 0.179132 
590 0.179132 
591 0.173784 
592 0.178479 
593 0.178479 
594 0.183174 
595 0.183174 
596 0.177826 
597 0.183174 
598 0.183174 
599 0.187869 
600 0.183174 
601 0.177826 
602 0.173131 
603 0.173131 
604 0.167784 
605 0.162436 
606 0.167131 
607 0.172479 
608 0.172479 
609 0.172479 
610 0.177174 
611 0.177174 
612 0.171826 
613 0.177174 
614 0.182521 
615 0.182521 
616 0.177174 
617 0.172479 
618 0.177826 
619 0.177826 
620 0.183174 
621 0.178479 
622 0.173784 
623 0.168437 
624 0.173131 
625 0.178479 
626 0.173784 
627 0.178479 
628 0.173131 
629 0.177826 
630 0.172479 
631 0.167784 
632 0.163089 
633 0.167784 
634 0.173131 
635 0.167784 
636 0.172479 
637 0.177174 
638 0.177174 
639 0.177174 
640 0.177174 
641 0.182521 
642 0.177826 
643 0.173131 
644 0.168437 
645 0.173784 
646 0.168437 
647 0.173784 
648 0.178479 
649 0.183827 
650 0.188522 
651 0.183174 
652 0.187869 
653 0.187869 
654 0.183174 
655 0.183174 
656 0.187869 
657 0.182521 
658 0.177174 
659 0.171826 
660 0.167131 
661 0.167131 
662 0.167131 
663 0.162436 
664 0.162436 
665 0.162436 
666 0.157089 
667 0.157089 
668 0.152394 
669 0.147046 
670 0.152394 
671 0.147046 
672 0.141699 
673 0.141699 
674 0.147046 
675 0.152394 
676 0.152394 
677 0.152394 
678 0.147699 
679 0.143004 
680 0.143004 
681 0.148352 
682 0.143657 
683 0.143657 
684 0.149005 
685 0.154352 
686 0.154352 
687 0.149005 
688 0.143657 
689 0.143657 
690 0.148352 
691 0.143004 
692 0.147699 
693 0.153047 
694 0.148352 
695 0.148352 
696 0.148352 
697 0.143004 
698 0.143004 
699 0.147699 
700 0.142351 
701 0.137004 
702 0.131656 
703 0.137004 
704 0.137004 
705 0.142351 
706 0.147046 
707 0.142351 
708 0.137004 
709 0.137004 
710 0.141699 
711 0.141699 
712 0.141699 
713 0.136351 
714 0.136351 
715 0.136351 
716 0.141046 
717 0.145741 
718 0.151088 
719 0.151088 
720 0.155783 
721 0.160478 
722 0.165173 
723 0.170520 
724 0.165826 
725 0.161131 
726 0.165826 
727 0.165826 
728 0.161131 
729 0.166478 
730 0.161784 
731 0.166478 
732 0.161784 
733 0.157089 
734 0.162436 
735 0.157741 
736 0.157741 
737 0.152394 
738 0.147046 
739 0.147046 
740 0.151741 
741 0.157089 
742 0.152394 
743 0.157089 
744 0.162436 
745 0.167131 
746 0.167131 
747 0.167131 
748 0.167131 
749 0.172479 
750 0.177826 
751 0.177826 
752 0.183174 
753 0.188522 
754 0.183174 
755 0.187869 
756 0.187869 
757 0.182521 
758 0.187869 
759 0.192564 
760 0.197258 
761 0.201953 
762 0.201953 
763 0.206648 
764 0.201300 
765 0.201300 
766 0.196606 
767 0.196606 
768 0.191258 
769 0.185910 
770 0.190605 
771 0.185910 
772 0.191258 
773 0.191258 
774 0.186563 
775 0.181868 
776 0.187216 
777 0.187216 
778 0.182521 
779 0.187869 
780 0.187869 
781 0.183174 
782 0.183174 
783 0.187869 
784 0.187869 
785 0.183174 
786 0.177826 
787 0.173131 
788 0.168437 
789 0.163089 
790 0.158394 
791 0.153047 
792 0.153047 
793 0.153047 
794 0.158394 
795 0.153047 
796 0.158394 
797 0.153699 
798 0.158394 
799 0.153699 
800 0.149005 
801 0.144310 
802 0.139615 
803 0.134267 
804 0.134267 
805 0.139615 
806 0.139615 
807 0.134267 
808 0.128920 
809 0.124225 
810 0.124225 
811 0.128920 
812 0.134267 
813 0.129572 
814 0.134267 
815 0.138962 
816 0.143657 
817 0.143657 
818 0.143657 
819 0.149005 
820 0.149005 
821 0.149005 
822 0.144310 
823 0.139615 
824 0.134920 
825 0.134920 
826 0.139615 
827 0.139615 
828 0.134267 
829 0.134267 
830 0.134267 
831 0.128920 
832 0.128920 
833 0.123572 
834 0.123572 
835 0.128267 
836 0.123572 
837 0.128267 
838 0.133615 
839 0.128920 
840 0.128920 
841 0.134267 
842 0.129572 
843 0.124878 
844 0.119530 
845 0.124878 
846 0.129572 
847 0.129572 
848 0.124878 
849 0.124878 
850 0.124878 
851 0.119530 
852 0.114835 
853 0.110140 
854 0.110140 
855 0.110140 
856 0.115488 
857 0.110140 
858 0.110140 
859 0.110140 
860 0.110140 
861 0.105446 
862 0.105446 
863 0.110140 
864 0.110140 
865 0.105446 
866 0.110140 
867 0.105446 
868 0.100098 
869 0.094750 
870 0.090055 
871 0.090055 
872 0.094750 
873 0.090055 
874 0.095403 
875 0.090055 
876 0.090055 
877 0.084708 
878 0.079360 
879 0.084708 
880 0.090055 
881 0.094750 
882 0.094750 
883 0.089403 
884 0.094750 
885 0.089403 
886 0.094750 
887 0.094750 
888 0.094750 
889 0.100098 
890 0.094750 
891 0.094750 
892 0.099445 
893 0.104140 
894 0.098792 
895 0.094098 
896 0.094098 
897 0.094098 
898 0.088750 
899 0.094098 
900 0.094098 
901 0.094098 
902 0.089403 
903 0.089403 
904 0.084055 
905 0.079360 
906 0.074013 
907 0.069318 
908 0.074665 
909 0.069318 
910 0.074013 
911 0.078708 
912 0.083402 
913 0.078708 
914 0.083402 
915 0.078055 
916 0.078055 
917 0.072707 
918 0.072707 
919 0.072707 
920 0.077402 
921 0.077402 
922 0.077402 
923 0.082750 
924 0.087444 
925 0.087444 
926 0.087444 
927 0.082097 
928 0.077402 
929 0.082750 
930 0.078055 
931 0.072707 
932 0.067360 
933 0.072707 
934 0.078055 
935 0.082750 
936 0.082750 
937 0.082750 
938 0.077402 
939 0.077402 
940 0.072054 
941 0.066707 
942 0.061359 
943 0.066707 
944 0.062012 
945 0.066707 
946 0.062012 
947 0.067360 
948 0.067360 
949 0.067360 
950 0.062665 
951 0.062665 
952 0.068012 
953 0.068012 
954 0.062665 
955 0.057317 
956 0.062665 
957 0.057317 
958 0.057317 
959 0.052622 
960 0.057970 
961 0.062665 
962 0.057317 
963 0.052622 
964 0.052622 
965 0.052622 
966 0.047275 
967 0.041927 
968 0.036580 
969 0.041274 
970 0.046622 
971 0.051317 
972 0.045969 
973 0.051317 
974 0.045969 
975 0.045969 
976 0.045969 
977 0.045969 
978 0.045969 
979 0.041274 
980 0.046622 
981 0.051970 
982 0.051970 
983 0.046622 
984 0.046622 
985 0.051970 
986 0.051970 
987 0.047275 
988 0.042580 
989 0.042580 
990 0.047927 
991 0.053275 
992 0.053275 
993 0.047927 
994 0.047927 
995 0.042580 
996 0.037232 
997 0.032537 
998 0.027843 
999 0.022495 
1000 0.027843 
1001 0.027843 
1002 0.033190 
1003 0.033190 
1004 0.028495 
1005 0.023148 
1006 0.028495 
1007 0.023148 
1008 0.027843 
1009 0.033190 
1010 0.028495 
1011 0.033843 
1012 0.038538 
1013 0.038538 
1014 0.038538 
1015 0.043233 
1016 0.048580 
1017 0.048580 
1018 0.053928 
1019 0.048580 
1020 0.048580 
1021 0.053275 
1022 0.053275 
1023 0.053275 
1024 0.053275 
1025 0.048580 
1026 0.053928 
1027 0.053928 
1028 0.048580 
1029 0.043233 
1030 0.047927 
1031 0.043233 
1032 0.038538 
1033 0.043885 
1034 0.048580 
1035 0.048580 
1036 0.053275 
1037 0.053275 
1038 0.057970 
1039 0.062665 
1040 0.057317 
1041 0.057317 
1042 0.052622 
1043 0.052622 
1044 0.057317 
1045 0.057317 
1046 0.051970 
1047 0.047275 
1048 0.047275 
1049 0.051970 
1050 0.046622 
1051 0.041927 
1052 0.036580 
1053 0.031885 
1054 0.036580 
1055 0.041274 
1056 0.036580 
1057 0.036580 
1058 0.031885 
1059 0.037232 
1060 0.042580 
1061 0.037885 
1062 0.042580 
1063 0.047927 
1064 0.053275 
1065 0.053275 
1066 0.048580 
1067 0.043885 
1068 0.039191 
1069 0.044538 
1070 0.044538 
1071 0.044538 
1072 0.049886 
1073 0.054581 
1074 0.059275 
1075 0.059275 
1076 0.063970 
1077 0.059275 
1078 0.054581 
1079 0.049233 
1080 0.043885 
1081 0.038538 
1082 0.043885 
1083 0.049233 
1084 0.054581 
1085 0.049886 
1086 0.044538 
1087 0.044538 
1088 0.044538 
1089 0.049233 
1090 0.044538 
1091 0.039843 
1092 0.034496 
1093 0.034496 
1094 0.029148 
1095 0.029148 
1096 0.034496 
1097 0.034496 
1098 0.034496 
1099 0.034496 
1100 0.034496 
1101 0.039843 
1102 0.039843 
1103 0.039843 
1104 0.039843 
1105 0.035149 
1106 0.039843 
1107 0.035149 
1108 0.035149 
1109 0.035149 
1110 0.035149 
1111 0.035149 
1112 0.029801 
1113 0.034496 
1114 0.029801 
1115 0.029801 
1116 0.029801 
1117 0.029801 
1118 0.034496 
1119 0.034496 
1120 0.029801 
1121 0.025106 
1122 0.029801 
1123 0.029801 
1124 0.034496 
1125 0.034496 
1126 0.029148 
1127 0.029148 
1128 0.029148 
1129 0.029148 
1130 0.024453 
1131 0.019106 
1132 0.023801 
1133 0.029148 
1134 0.029148 
1135 0.034496 
1136 0.039843 
1137 0.044538 
1138 0.049886 
1139 0.044538 
1140 0.044538 
1141 0.049233 
1142 0.049233 
1143 0.049233 
1144 0.053928 
1145 0.049233 
1146 0.043885 
1147 0.049233 
1148 0.049233 
1149 0.054581 
1150 0.054581 
1151 0.054581 
1152 0.054581 
1153 0.059928 
1154 0.059928 
1155 0.055233 
1156 0.049886 
1157 0.049886 
1158 0.049886 
1159 0.054581 
1160 0.049886 
1161 0.044538 
1162 0.049886 
1163 0.049886 
1164 0.044538 
1165 0.039843 
1166 0.045191 
1167 0.045191 
1168 0.045191 
1169 0.049886 
1170 0.045191 
1171 0.049886 
1172 0.044538 
1173 0.044538 
1174 0.044538 
1175 0.044538 
1176 0.044538 
1177 0.044538 
1178 0.039191 
1179 0.044538 
1180 0.039191 
1181 0.033843 
1182 0.038538 
1183 0.038538 
1184 0.038538 
1185 0.043233 
1186 0.043233 
1187 0.037885 
1188 0.032537 
1189 0.037885 
1190 0.042580 
1191 0.037232 
1192 0.031885 
1193 0.026537 
1194 0.021190 
1195 0.021190 
1196 0.021190 
1197 0.016495 
1198 0.011800 
1199 0.006452 
1200 0.001757 
1201 0.006452 
1202 0.011147 
1203 0.005800 
1204 0.005800 
1205 0.001105 
1206 -0.004243 
1207 -0.009591 
1208 -0.009591 
1209 -0.014938 
1210 -0.020286 
1211 -0.025633 
1212 -0.025633 
1213 -0.025633 
1214 -0.020938 
1215 -0.026286 
1216 -0.021591 
1217 -0.026286 
1218 -0.021591 
1219 -0.026939 
1220 -0.031634 
1221 -0.031634 
1222 -0.026939 
1223 -0.026939 
1224 -0.026939 
1225 -0.022244 
1226 -0.017549 
1227 -0.022244 
1228 -0.027592 
1229 -0.032939 
1230 -0.028244 
1231 -0.028244 
1232 -0.023549 
1233 -0.028244 
1234 -0.028244 
1235 -0.022897 
1236 -0.022897 
1237 -0.022897 
1238 -0.017549 
1239 -0.012202 
1240 -0.007507 
1241 -0.002812 
1242 -0.008159 
1243 -0.012854 
1244 -0.017549 
1245 -0.017549 
1246 -0.012854 
1247 -0.007507 
1248 -0.012854 
1249 -0.017549 
1250 -0.012854 
1251 -0.012854 
1252 -0.012854 
1253 -0.012854 
1254 -0.017549 
1255 -0.022244 
1256 -0.022244 
1257 -0.022244 
1258 -0.016896 
1259 -0.011549 
1260 -0.016896 
1261 -0.012202 
1262 -0.016896 
1263 -0.016896 
1264 -0.011549 
1265 -0.016244 
1266 -0.020938 
1267 -0.020938 
1268 -0.020938 
1269 -0.020938 
1270 -0.020938 
1271 -0.015591 
1272 -0.015591 
1273 -0.015591 
1274 -0.020938 
1275 -0.015591 
1276 -0.010243 
1277 -0.014938 
1278 -0.019633 
1279 -0.024981 
1280 -0.019633 
1281 -0.024328 
1282 -0.019633 
1283 -0.014938 
1284 -0.014938 
1285 -0.019633 
1286 -0.019633 
1287 -0.024328 
1288 -0.029675 
1289 -0.029675 
1290 -0.024328 
1291 -0.024328 
1292 -0.029023 
1293 -0.033717 
1294 -0.039065 
1295 -0.034370 
1296 -0.039065 
1297 -0.034370 
1298 -0.029023 
1299 -0.023675 
1300 -0.018980 
1301 -0.024328 
1302 -0.019633 
1303 -0.014938 
1304 -0.019633 
1305 -0.019633 
1306 -0.019633 
1307 -0.024328 
1308 -0.024328 
1309 -0.024328 
1310 -0.024328 
1311 -0.024328 
1312 -0.024328 
1313 -0.018980 
1314 -0.018980 
1315 -0.023675 
1316 -0.028370 
1317 -0.023675 
1318 -0.023675 
1319 -0.028370 
1320 -0.033717 
1321 -0.029023 
1322 -0.024328 
1323 -0.029675 
1324 -0.029675 
1325 -0.034370 
1326 -0.029675 
1327 -0.035023 
1328 -0.040371 
1329 -0.040371 
1330 -0.035676 
1331 -0.040371 
1332 -0.035023 
1333 -0.035023 
1334 -0.039718 
1335 -0.044413 
1336 -0.044413 
1337 -0.039065 
1338 -0.043760 
1339 -0.038412 
1340 -0.033065 
1341 -0.027717 
1342 -0.022370 
1343 -0.022370 
1344 -0.022370 
1345 -0.017675 
1346 -0.022370 
1347 -0.017022 
1348 -0.017022 
1349 -0.017022 
1350 -0.011674 
1351 -0.006979 
1352 -0.006979 
1353 -0.011674 
1354 -0.006979 
1355 -0.001632 
1356 0.003716 
1357 0.003716 
1358 0.008411 
1359 0.013105 
1360 0.013105 
1361 0.013105 
1362 0.013105 
1363 0.017800 
1364 0.022495 
1365 0.027190 
1366 0.027190 
1367 0.027190 
1368 0.022495 
1369 0.027843 
1370 0.023148 
1371 0.027843 
1372 0.032537 
1373 0.027190 
1374 0.027190 
1375 0.031885 
1376 0.027190 
1377 0.022495 
1378 0.022495 
1379 0.017800 
1380 0.017800 
1381 0.013105 
1382 0.013105 
1383 0.013105 
1384 0.017800 
1385 0.012453 
1386 0.017147 
1387 0.022495 
1388 0.027190 
1389 0.022495 
1390 0.017147 
1391 0.011800 
1392 0.007105 
1393 0.002410 
1394 0.007105 
1395 0.001757 
1396 0.001757 
1397 0.001757 
1398 0.001757 
1399 0.001757 
1400 -0.003590 
1401 0.001757 
1402 0.007105 
1403 0.001757 
1404 0.006452 
1405 0.001757 
1406 -0.002937 
1407 0.002410 
1408 0.007105 
1409 0.002410 
1410 -0.002285 
1411 -0.002285 
1412 -0.006979 
1413 -0.002285 
1414 -0.002285 
1415 -0.002285 
1416 0.003063 
1417 0.007758 
1418 0.007758 
1419 0.013105 
1420 0.008411 
1421 0.003716 
1422 0.003716 
1423 0.009063 
1424 0.009063 
1425 0.004368 
1426 0.009063 
1427 0.004368 
1428 -0.000979 
1429 0.003716 
1430 0.008411 
1431 0.003063 
1432 -0.001632 
1433 0.003716 
1434 0.003716 
1435 0.008411 
1436 0.008411 
1437 0.003063 
1438 0.007758 
1439 0.013105 
1440 0.008411 
1441 0.008411 
1442 0.008411 
1443 0.008411 
1444 0.013105 
1445 0.013105 
1446 0.007758 
1447 0.013105 
1448 0.013105 
1449 0.008411 
1450 0.008411 
1451 0.003063 
1452 -0.002285 
1453 -0.002285 
1454 -0.002285 
1455 -0.007632 
1456 -0.007632 
1457 -0.012327 
1458 -0.006979 
1459 -0.006979 
1460 -0.006979 
1461 -0.006979 
1462 -0.006979 
1463 -0.001632 
1464 0.003063 
1465 -0.001632 
1466 0.003063 
1467 0.008411 
1468 0.008411 
1469 0.003063 
1470 -0.002285 
1471 0.002410 
1472 -0.002285 
1473 0.003063 
1474 -0.001632 
1475 0.003716 
1476 -0.000979 
1477 -0.005674 
1478 -0.011022 
1479 -0.011022 
1480 -0.006327 
1481 -0.011674 
1482 -0.016369 
1483 -0.021717 
1484 -0.021717 
1485 -0.027064 
1486 -0.031759 
1487 -0.026412 
1488 -0.021064 
1489 -0.015716 
1490 -0.011022 
1491 -0.006327 
1492 -0.000979 
1493 -0.000979 
1494 -0.005674 
1495 -0.000326 
1496 -0.005674 
1497 -0.011022 
1498 -0.016369 
1499 -0.021717 
1500 -0.017022 
1501 -0.012327 
1502 -0.017675 
1503 -0.012327 
1504 -0.007632 
1505 -0.012327 
1506 -0.017675 
1507 -0.012980 
1508 -0.007632 
1509 -0.012327 
1510 -0.012327 
1511 -0.012327 
1512 -0.012327 
1513 -0.017675 
1514 -0.022370 
1515 -0.027717 
1516 -0.027717 
1517 -0.033065 
1518 -0.033065 
1519 -0.027717 
1520 -0.023022 
1521 -0.027717 
1522 -0.033065 
1523 -0.033065 
1524 -0.033065 
1525 -0.028370 
1526 -0.028370 
1527 -0.023022 
1528 -0.017675 
1529 -0.012980 
1530 -0.012980 
1531 -0.018327 
1532 -0.023022 
1533 -0.023022 
1534 -0.023022 
1535 -0.028370 
1536 -0.033717 
1537 -0.033717 
1538 -0.039065 
1539 -0.033717 
1540 -0.033717 
1541 -0.039065 
1542 -0.043760 
1543 -0.039065 
1544 -0.033717 
1545 -0.033717 
1546 -0.039065 
1547 -0.033717 
1548 -0.039065 
1549 -0.043760 
1550 -0.038412 
1551 -0.033065 
1552 -0.028370 
1553 -0.033717 
1554 -0.029023 
1555 -0.023675 
1556 -0.018980 
1557 -0.013633 
1558 -0.008285 
1559 -0.003590 
1560 -0.003590 
1561 -0.003590 
1562 -0.008938 
1563 -0.013633 
1564 -0.018327 
1565 -0.012980 
1566 -0.007632 
1567 -0.002285 
1568 -0.002285 
1569 -0.002285 
1570 -0.006979 
1571 -0.001632 
1572 0.003716 
1573 -0.001632 
1574 -0.006979 
1575 -0.002285 
1576 -0.007632 
1577 -0.012327 
1578 -0.017022 
1579 -0.021717 
1580 -0.021717 
1581 -0.027064 
1582 -0.031759 
1583 -0.031759 
1584 -0.037107 
1585 -0.041802 
1586 -0.036454 
1587 -0.041149 
1588 -0.046496 
1589 -0.041802 
1590 -0.041802 
1591 -0.041802 
1592 -0.041802 
1593 -0.036454 
1594 -0.041149 
1595 -0.041149 
1596 -0.046496 
1597 -0.041149 
1598 -0.041149 
1599 -0.036454 
1600 -0.041802 
1601 -0.037107 
1602 -0.037107 
1603 -0.031759 
1604 -0.031759 
1605 -0.027064 
1606 -0.027064 
1607 -0.032412 
1608 -0.032412 
1609 -0.032412 
1610 -0.032412 
1611 -0.037760 
1612 -0.037760 
1613 -0.043107 
1614 -0.038412 
1615 -0.033717 
1616 -0.029023 
1617 -0.034370 
1618 -0.029675 
1619 -0.024981 
1620 -0.020286 
1621 -0.025633 
1622 -0.025633 
1623 -0.020938 
1624 -0.025633 
1625 -0.025633 
1626 -0.030328 
1627 -0.035023 
1628 -0.035023 
1629 -0.040371 
1630 -0.035676 
1631 -0.035676 
1632 -0.035676 
1633 -0.030981 
1634 -0.030981 
1635 -0.026286 
1636 -0.030981 
1637 -0.035676 
1638 -0.041023 
1639 -0.035676 
1640 -0.041023 
1641 -0.041023 
1642 -0.035676 
1643 -0.030981 
1644 -0.030981 
1645 -0.030981 
1646 -0.025633 
1647 -0.030981 
1648 -0.030981 
1649 -0.030981 
1650 -0.026286 
1651 -0.030981 
1652 -0.035676 
1653 -0.040371 
1654 -0.035023 
1655 -0.040371 
1656 -0.045718 
1657 -0.041023 
1658 -0.041023 
1659 -0.041023 
1660 -0.046371 
1661 -0.051719 
1662 -0.056413 
1663 -0.056413 
1664 -0.051066 
1665 -0.051066 
1666 -0.055761 
1667 -0.055761 
1668 -0.060455 
1669 -0.065803 
1670 -0.061108 
1671 -0.065803 
1672 -0.065803 
1673 -0.061108 
1674 -0.061108 
1675 -0.061108 
1676 -0.061108 
1677 -0.066456 
1678 -0.071151 
1679 -0.065803 
1680 -0.071151 
1681 -0.075845 
1682 -0.075845 
1683 -0.080540 
1684 -0.075845 
1685 -0.070498 
1686 -0.065150 
1687 -0.070498 
1688 -0.070498 
1689 -0.070498 
1690 -0.065150 
1691 -0.060455 
1692 -0.055761 
1693 -0.055761 
1694 -0.061108 
1695 -0.065803 
1696 -0.061108 
1697 -0.061108 
1698 -0.056413 
1699 -0.056413 
1700 -0.051719 
1701 -0.056413 
1702 -0.051719 
1703 -0.051719 
1704 -0.047024 
1705 -0.052371 
1706 -0.047024 
1707 -0.042329 
1708 -0.036981 
1709 -0.041676 
1710 -0.041676 
1711 -0.041676 
1712 -0.041676 
1713 -0.046371 
1714 -0.051066 
1715 -0.045718 
1716 -0.050413 
1717 -0.045718 
1718 -0.045718 
1719 -0.040371 
1720 -0.040371 
1721 -0.035676 
1722 -0.035676 
1723 -0.040371 
1724 -0.035676 
1725 -0.040371 
1726 -0.045065 
1727 -0.045065 
1728 -0.045065 
1729 -0.039718 
1730 -0.039718 
1731 -0.045065 
1732 -0.050413 
1733 -0.055108 
1734 -0.055108 
1735 -0.050413 
1736 -0.045718 
1737 -0.040371 
1738 -0.035023 
1739 -0.035023 
1740 -0.029675 
1741 -0.029675 
1742 -0.029675 
1743 -0.024981 
1744 -0.024981 
1745 -0.019633 
1746 -0.014285 
1747 -0.008938 
1748 -0.004243 
1749 0.001105 
1750 0.005800 
1751 0.001105 
1752 -0.004243 
1753 -0.004243 
1754 0.001105 
1755 0.006452 
1756 0.006452 
1757 0.006452 
1758 0.006452 
1759 0.006452 
1760 0.006452 
1761 0.011147 
1762 0.015842 
1763 0.020537 
1764 0.020537 
1765 0.025232 
1766 0.030579 
1767 0.025232 
1768 0.030579 
1769 0.035274 
1770 0.040622 
1771 0.035927 
1772 0.031232 
1773 0.025884 
1774 0.030579 
1775 0.035274 
1776 0.035274 
1777 0.035274 
1778 0.039969 
1779 0.035274 
1780 0.040622 
1781 0.045969 
1782 0.050664 
1783 0.050664 
1784 0.055359 
1785 0.055359 
1786 0.055359 
1787 0.060706 
1788 0.060706 
1789 0.066054 
1790 0.061359 
1791 0.061359 
1792 0.056664 
1793 0.056664 
1794 0.061359 
1795 0.061359 
1796 0.061359 
1797 0.056664 
1798 0.061359 
1799 0.056664 
1800 0.061359 
1801 0.061359 
1802 0.066707 
1803 0.066707 
1804 0.072054 
1805 0.077402 
1806 0.082097 
1807 0.076749 
1808 0.072054 
1809 0.072054 
1810 0.072054 
1811 0.067360 
1812 0.062012 
1813 0.057317 
1814 0.062665 
1815 0.062665 
1816 0.062665 
1817 0.068012 
1818 0.072707 
1819 0.072707 
1820 0.067360 
1821 0.072707 
1822 0.072707 
1823 0.077402 
1824 0.072707 
1825 0.067360 
1826 0.062665 
1827 0.067360 
1828 0.062012 
1829 0.056664 
1830 0.056664 
1831 0.056664 
1832 0.061359 
1833 0.056664 
1834 0.056664 
1835 0.051970 
1836 0.051970 
1837 0.047275 
1838 0.042580 
1839 0.047275 
1840 0.051970 
1841 0.046622 
1842 0.046622 
1843 0.046622 
1844 0.041927 
1845 0.046622 
1846 0.041927 
1847 0.036580 
1848 0.031885 
1849 0.031885 
1850 0.031885 
1851 0.027190 
1852 0.027190 
1853 0.031885 
1854 0.031885 
1855 0.037232 
1856 0.042580 
1857 0.037885 
1858 0.037885 
1859 0.033190 
1860 0.033190 
1861 0.028495 
1862 0.023148 
1863 0.023148 
1864 0.023148 
1865 0.023148 
1866 0.018453 
1867 0.013758 
1868 0.009063 
1869 0.004368 
1870 0.009716 
1871 0.005021 
1872 -0.000326 
1873 -0.000326 
1874 0.004368 
1875 0.009063 
1876 0.013758 
1877 0.013758 
1878 0.009063 
1879 0.013758 
1880 0.018453 
1881 0.023148 
1882 0.023148 
1883 0.023148 
1884 0.023148 
1885 0.027843 
1886 0.023148 
1887 0.027843 
1888 0.023148 
1889 0.028495 
1890 0.033843 
1891 0.033843 
1892 0.033843 
1893 0.039191 
1894 0.039191 
1895 0.033843 
1896 0.033843 
1897 0.029148 
1898 0.024453 
1899 0.029801 
1900 0.035149 
1901 0.029801 
1902 0.024453 
1903 0.019106 
1904 0.014411 
1905 0.019758 
1906 0.015064 
1907 0.009716 
1908 0.014411 
1909 0.019758 
1910 0.014411 
1911 0.014411 
1912 0.019106 
1913 0.013758 
1914 0.019106 
1915 0.019106 
1916 0.014411 
1917 0.019106 
1918 0.013758 
1919 0.009063 
1920 0.004368 
1921 -0.000326 
1922 -0.005021 
1923 -0.010369 
1924 -0.005674 
1925 -0.010369 
1926 -0.010369 
1927 -0.010369 
1928 -0.005674 
1929 -0.010369 
1930 -0.005021 
1931 -0.010369 
1932 -0.005021 
1933 -0.000326 
1934 -0.005021 
1935 -0.010369 
1936 -0.015064 
1937 -0.020411 
1938 -0.025759 
1939 -0.020411 
1940 -0.015716 
1941 -0.015716 
1942 -0.010369 
1943 -0.010369 
1944 -0.010369 
1945 -0.015716 
1946 -0.021064 
1947 -0.021064 
1948 -0.021064 
1949 -0.016369 
1950 -0.016369 
1951 -0.016369 
1952 -0.016369 
1953 -0.021717 
1954 -0.017022 
1955 -0.022370 
1956 -0.022370 
1957 -0.022370 
1958 -0.027064 
1959 -0.032412 
1960 -0.037107 
1961 -0.031759 
1962 -0.037107 
1963 -0.032412 
1964 -0.037107 
1965 -0.041802 
1966 -0.041802 
1967 -0.037107 
1968 -0.037107 
1969 -0.042454 
1970 -0.047149 
1971 -0.051844 
1972 -0.046496 
1973 -0.046496 
1974 -0.051844 
1975 -0.056539 
1976 -0.056539 
1977 -0.056539 
1978 -0.061234 
1979 -0.056539 
1980 -0.061234 
1981 -0.055886 
1982 -0.055886 
1983 -0.051191 
1984 -0.051191 
1985 -0.055886 
1986 -0.050539 
1987 -0.050539 
1988 -0.055233 
1989 -0.055233 
1990 -0.060581 
1991 -0.060581 
1992 -0.055886 
1993 -0.060581 
1994 -0.065929 
1995 -0.060581 
1996 -0.055233 
1997 -0.060581 
1998 -0.060581 
1999 -0.065929 
2000 -0.065929 
2001 -0.065929 
2002 -0.070623 
2003 -0.065276 
2004 -0.060581 
2005 -0.055886 
2006 -0.050539 
2007 -0.045191 
2008 -0.040496 
2009 -0.035149 
2010 -0.035149 
2011 -0.040496 
2012 -0.035149 
2013 -0.040496 
2014 -0.045844 
2015 -0.045844 
2016 -0.051191 
2017 -0.051191 
2018 -0.051191 
2019 -0.045844 
2020 -0.050539 
2021 -0.055233 
2022 -0.055233 
2023 -0.050539 
2024 -0.050539 
2025 -0.045844 
2026 -0.050539 
2027 -0.045191 
2028 -0.045191 
2029 -0.045191 
2030 -0.040496 
2031 -0.045191 
2032 -0.040496 
2033 -0.035801 
2034 -0.031106 
2035 -0.036454 
2036 -0.031759 
2037 -0.027064 
2038 -0.032412 
2039 -0.032412 
2040 -0.037107 
2041 -0.032412 
2042 -0.037107 
2043 -0.037107 
2044 -0.032412 
2045 -0.037107 
2046 -0.041802 
2047 -0.037107 
2048 -0.042454 
2049 -0.042454 
2050 -0.037107 
2051 -0.041802 
2052 -0.037107 
2053 -0.041802 
2054 -0.047149 
2055 -0.042454 
2056 -0.037107 
2057 -0.032412 
2058 -0.032412 
2059 -0.037107 
2060 -0.041802 
2061 -0.036454 
2062 -0.036454 
2063 -0.041802 
2064 -0.037107 
2065 -0.037107 
2066 -0.031759 
2067 -0.036454 
2068 -0.036454 
2069 -0.041149 
2070 -0.041149 
2071 -0.036454 
2072 -0.031759 
2073 -0.026412 
2074 -0.031759 
2075 -0.026412 
2076 -0.026412 
2077 -0.021064 
2078 -0.026412 
2079 -0.031759 
2080 -0.036454 
2081 -0.036454 
2082 -0.041149 
2083 -0.045844 
2084 -0.040496 
2085 -0.045191 
2086 -0.040496 
2087 -0.045191 
2088 -0.050539 
2089 -0.045844 
2090 -0.051191 
2091 -0.046496 
2092 -0.051844 
2093 -0.047149 
2094 -0.052497 
2095 -0.052497 
2096 -0.057844 
2097 -0.057844 
2098 -0.052497 
2099 -0.047802 
2100 -0.052497 
2101 -0.047802 
2102 -0.042454 
2103 -0.037107 
2104 -0.037107 
2105 -0.032412 
2106 -0.027717 
2107 -0.023022 
2108 -0.023022 
2109 -0.028370 
2110 -0.028370 
2111 -0.023022 
2112 -0.023022 
2113 -0.028370 
2114 -0.028370 
2115 -0.033717 
2116 -0.033717 
2117 -0.029023 
2118 -0.034370 
2119 -0.029023 
2120 -0.029023 
2121 -0.023675 
2122 -0.023675 
2123 -0.028370 
2124 -0.033717 
2125 -0.039065 
2126 -0.044413 
2127 -0.049760 
2128 -0.049760 
2129 -0.049760 
2130 -0.055108 
2131 -0.050413 
2132 -0.045718 
2133 -0.045718 
2134 -0.041023 
2135 -0.041023 
2136 -0.035676 
2137 -0.041023 
2138 -0.035676 
2139 -0.030328 
2140 -0.035023 
2141 -0.040371 
2142 -0.040371 
2143 -0.045065 
2144 -0.040371 
2145 -0.035023 
2146 -0.029675 
2147 -0.024328 
2148 -0.024328 
2149 -0.024328 
2150 -0.018980 
2151 -0.023675 
2152 -0.018980 
2153 -0.018980 
2154 -0.013633 
2155 -0.008938 
2156 -0.008938 
2157 -0.008938 
2158 -0.004243 
2159 -0.004243 
2160 -0.008938 
2161 -0.013633 
2162 -0.008938 
2163 -0.008938 
2164 -0.004243 
2165 0.001105 
2166 -0.003590 
2167 0.001105 
2168 0.001105 
2169 0.005800 
2170 0.000452 
2171 0.005800 
2172 0.011147 
2173 0.016495 
2174 0.021190 
2175 0.016495 
2176 0.016495 
2177 0.016495 
2178 0.021190 
2179 0.015842 
2180 0.015842 
2181 0.021190 
2182 0.021190 
2183 0.015842 
2184 0.020537 
2185 0.025884 
2186 0.025884 
2187 0.031232 
2188 0.035927 
2189 0.040622 
2190 0.045316 
2191 0.045316 
2192 0.045316 
2193 0.050011 
2194 0.050011 
2195 0.045316 
2196 0.045316 
2197 0.039969 
2198 0.044664 
2199 0.044664 
2200 0.039316 
2201 0.034621 
2202 0.034621 
2203 0.034621 
2204 0.039969 
2205 0.035274 
2206 0.029926 
2207 0.034621 
2208 0.029274 
2209 0.029274 
2210 0.033969 
2211 0.029274 
2212 0.029274 
2213 0.024579 
2214 0.024579 
2215 0.024579 
2216 0.024579 
2217 0.024579 
2218 0.029926 
2219 0.024579 
2220 0.029274 
2221 0.034621 
2222 0.029926 
2223 0.029926 
2224 0.034621 
2225 0.039969 
2226 0.034621 
2227 0.034621 
2228 0.034621 
2229 0.039969 
2230 0.045316 
2231 0.045316 
2232 0.040622 
2233 0.035274 
2234 0.039969 
2235 0.039969 
2236 0.039969 
2237 0.035274 
2238 0.040622 
2239 0.045969 
2240 0.050664 
2241 0.045969 
2242 0.045969 
2243 0.041274 
2244 0.035927 
2245 0.030579 
2246 0.035927 
2247 0.035927 
2248 0.030579 
2249 0.030579 
2250 0.030579 
2251 0.030579 
2252 0.035927 
2253 0.041274 
2254 0.041274 
2255 0.041274 
2256 0.046622 
2257 0.046622 
2258 0.041927 
2259 0.047275 
2260 0.047275 
2261 0.051970 
2262 0.051970 
2263 0.047275 
2264 0.047275 
2265 0.042580 
2266 0.047927 
2267 0.052622 
2268 0.047275 
2269 0.052622 
2270 0.052622 
2271 0.057970 
2272 0.053275 
2273 0.053275 
2274 0.057970 
2275 0.052622 
2276 0.057970 
2277 0.052622 
2278 0.057970 
2279 0.062665 
2280 0.057317 
2281 0.062012 
2282 0.062012 
2283 0.057317 
2284 0.057317 
2285 0.057317 
2286 0.062012 
2287 0.062012 
2288 0.057317 
2289 0.062665 
2290 0.057317 
2291 0.057317 
2292 0.057317 
2293 0.052622 
2294 0.052622 
2295 0.047275 
2296 0.051970 
2297 0.056664 
2298 0.056664 
2299 0.061359 
2300 0.056012 
2301 0.056012 
2302 0.061359 
2303 0.056664 
2304 0.051970 
2305 0.057317 
2306 0.051970 
2307 0.047275 
2308 0.041927 
2309 0.047275 
2310 0.051970 
2311 0.051970 
2312 0.051970 
2313 0.056664 
2314 0.061359 
2315 0.056664 
2316 0.061359 
2317 0.061359 
2318 0.061359 
2319 0.056012 
2320 0.061359 
2321 0.061359 
2322 0.056012 
2323 0.051317 
2324 0.051317 
2325 0.056664 
2326 0.061359 
2327 0.066707 
2328 0.071402 
2329 0.071402 
2330 0.066707 
2331 0.062012 
2332 0.056664 
2333 0.051317 
2334 0.045969 
2335 0.040622 
2336 0.045969 
2337 0.051317 
2338 0.045969 
2339 0.045969 
2340 0.041274 
2341 0.046622 
2342 0.041274 
2343 0.045969 
2344 0.041274 
2345 0.041274 
2346 0.046622 
2347 0.041927 
2348 0.047275 
2349 0.047275 
2350 0.052622 
2351 0.047275 
2352 0.051970 
2353 0.057317 
2354 0.051970 
2355 0.056664 
2356 0.056664 
2357 0.056664 
2358 0.051970 
2359 0.056664 
2360 0.061359 
2361 0.066707 
2362 0.062012 
2363 0.066707 
2364 0.062012 
2365 0.062012 
2366 0.062012 
2367 0.062012 
2368 0.067360 
2369 0.072054 
2370 0.076749 
2371 0.082097 
2372 0.086792 
2373 0.086792 
2374 0.086792 
2375 0.086792 
2376 0.086792 
2377 0.081444 
2378 0.076097 
2379 0.071402 
2380 0.066707 
2381 0.071402 
2382 0.076097 
2383 0.076097 
2384 0.076097 
2385 0.071402 
2386 0.071402 
2387 0.071402 
2388 0.066707 
2389 0.061359 
2390 0.066054 
2391 0.060706 
2392 0.060706 
2393 0.056012 
2394 0.050664 
2395 0.050664 
2396 0.050664 
2397 0.056012 
2398 0.056012 
2399 0.050664 
2400 0.050664 
2401 0.050664 
2402 0.055359 
2403 0.050664 
2404 0.056012 
2405 0.056012 
2406 0.051317 
2407 0.045969 
2408 0.040622 
2409 0.040622 
2410 0.035274 
2411 0.030579 
2412 0.030579 
2413 0.025884 
2414 0.020537 
2415 0.020537 
2416 0.020537 
2417 0.015842 
2418 0.011147 
2419 0.011147 
2420 0.011147 
2421 0.006452 
2422 0.006452 
2423 0.011147 
2424 0.011147 
2425 0.011147 
2426 0.005800 
2427 0.010494 
2428 0.015189 
2429 0.019884 
2430 0.025232 
2431 0.030579 
2432 0.030579 
2433 0.025232 
2434 0.020537 
2435 0.015189 
2436 0.020537 
2437 0.025884 
2438 0.025884 
2439 0.025884 
2440 0.020537 
2441 0.025884 
2442 0.025884 
2443 0.021190 
2444 0.016495 
2445 0.011147 
2446 0.005800 
2447 0.005800 
2448 0.000452 
2449 -0.004243 
2450 0.000452 
2451 0.000452 
2452 0.005147 
2453 0.005147 
2454 0.005147 
2455 -0.000201 
2456 -0.005548 
2457 -0.000201 
2458 -0.000201 
2459 -0.005548 
2460 -0.000201 
2461 0.005147 
2462 0.005147 
2463 0.010494 
2464 0.010494 
2465 0.015842 
2466 0.010494 
2467 0.015189 
2468 0.020537 
2469 0.025232 
2470 0.029926 
2471 0.029926 
2472 0.029926 
2473 0.034621 
2474 0.039969 
2475 0.035274 
2476 0.040622 
2477 0.045316 
2478 0.050011 
2479 0.055359 
2480 0.060706 
2481 0.066054 
2482 0.066054 
2483 0.066054 
2484 0.071402 
2485 0.071402 
2486 0.066054 
2487 0.066054 
2488 0.071402 
2489 0.066054 
2490 0.060706 
2491 0.066054 
2492 0.061359 
2493 0.056664 
2494 0.056664 
2495 0.062012 
2496 0.056664 
2497 0.056664 
2498 0.056664 
2499 0.056664 
2500 0.062012 
2501 0.056664 
2502 0.051970 
2503 0.056664 
2504 0.056664 
2505 0.061359 
2506 0.061359 
2507 0.066054 
2508 0.066054 
2509 0.060706 
2510 0.055359 
2511 0.060706 
2512 0.056012 
2513 0.056012 
2514 0.061359 
2515 0.066054 
2516 0.060706 
2517 0.060706 
2518 0.060706 
2519 0.060706 
2520 0.060706 
2521 0.060706 
2522 0.066054 
2523 0.071402 
2524 0.071402 
2525 0.071402 
2526 0.066707 
2527 0.062012 
2528 0.062012 
2529 0.056664 
2530 0.056664 
2531 0.062012 
2532 0.056664 
2533 0.051317 
2534 0.056012 
2535 0.050664 
2536 0.045969 
2537 0.041274 
2538 0.036580 
2539 0.041927 
2540 0.041927 
2541 0.036580 
2542 0.036580 
2543 0.036580 
2544 0.031885 
2545 0.037232 
2546 0.042580 
2547 0.037232 
2548 0.042580 
2549 0.037232 
2550 0.031885 
2551 0.026537 
2552 0.031885 
2553 0.026537 
2554 0.031885 
2555 0.031885 
2556 0.027190 
2557 0.027190 
2558 0.032537 
2559 0.027190 
2560 0.032537 
2561 0.037885 
2562 0.032537 
2563 0.037232 
2564 0.041927 
2565 0.041927 
2566 0.036580 
2567 0.036580 
2568 0.031232 
2569 0.025884 
2570 0.030579 
2571 0.030579 
2572 0.035927 
2573 0.031232 
2574 0.031232 
2575 0.031232 
2576 0.031232 
2577 0.035927 
2578 0.041274 
2579 0.036580 
2580 0.041927 
2581 0.036580 
2582 0.041927 
2583 0.041927 
2584 0.036580 
2585 0.036580 
2586 0.031232 
2587 0.031232 
2588 0.025884 
2589 0.031232 
2590 0.036580 
2591 0.041274 
2592 0.036580 
2593 0.031885 
2594 0.027190 
2595 0.027190 
2596 0.027190 
2597 0.032537 
2598 0.037232 
2599 0.031885 
2600 0.036580 
2601 0.041927 
2602 0.036580 
2603 0.036580 
2604 0.031885 
2605 0.031885 
2606 0.027190 
2607 0.021842 
2608 0.027190 
2609 0.027190 
2610 0.032537 
2611 0.032537 
2612 0.027190 
2613 0.022495 
2614 0.017800 
2615 0.023148 
2616 0.017800 
2617 0.017800 
2618 0.017800 
2619 0.017800 
2620 0.023148 
2621 0.017800 
2622 0.017800 
2623 0.012453 
2624 0.017147 
2625 0.012453 
2626 0.017147 
2627 0.022495 
2628 0.017147 
2629 0.021842 
2630 0.027190 
2631 0.031885 
2632 0.031885 
2633 0.036580 
2634 0.031232 
2635 0.036580 
2636 0.031232 
2637 0.031232 
2638 0.026537 
2639 0.031232 
2640 0.035927 
2641 0.031232 
2642 0.026537 
2643 0.026537 
2644 0.031885 
2645 0.031885 
2646 0.037232 
2647 0.031885 
2648 0.037232 
2649 0.031885 
2650 0.026537 
2651 0.031885 
2652 0.031885 
2653 0.031885 
2654 0.031885 
2655 0.031885 
2656 0.027190 
2657 0.022495 
2658 0.022495 
2659 0.017800 
2660 0.012453 
2661 0.007105 
2662 0.012453 
2663 0.012453 
2664 0.007758 
2665 0.007758 
2666 0.003063 
2667 0.007758 
2668 0.002410 
2669 -0.002285 
2670 -0.002285 
2671 -0.006979 
2672 -0.001632 
2673 0.003716 
2674 0.009063 
2675 0.004368 
2676 0.009716 
2677 0.009716 
2678 0.004368 
2679 0.004368 
2680 0.009716 
2681 0.015064 
2682 0.009716 
2683 0.009716 
2684 0.009716 
2685 0.009716 
2686 0.009716 
2687 0.005021 
2688 0.005021 
2689 0.005021 
2690 0.005021 
2691 0.005021 
2692 0.005021 
2693 -0.000326 
2694 0.004368 
2695 0.004368 
2696 0.004368 
2697 0.004368 
2698 -0.000979 
2699 -0.000979 
2700 0.003716 
2701 0.009063 
2702 0.003716 
2703 -0.000979 
2704 0.004368 
2705 -0.000326 
2706 0.005021 
2707 -0.000326 
2708 -0.005021 
2709 -0.000326 
2710 -0.000326 
2711 0.005021 
2712 -0.000326 
2713 0.004368 
2714 0.004368 
2715 -0.000326 
2716 0.004368 
2717 -0.000979 
2718 -0.006327 
2719 -0.006327 
2720 -0.000979 
2721 -0.006327 
2722 -0.006327 
2723 -0.006327 
2724 -0.006327 
2725 -0.011022 
2726 -0.015716 
2727 -0.015716 
2728 -0.011022 
2729 -0.005674 
2730 -0.000979 
2731 -0.000979 
2732 -0.000979 
2733 0.003716 
2734 0.008411 
2735 0.013758 
2736 0.008411 
2737 0.013758 
2738 0.009063 
2739 0.014411 
2740 0.009716 
2741 0.004368 
2742 0.009716 
2743 0.009716 
2744 0.004368 
2745 0.004368 
2746 0.004368 
2747 -0.000326 
2748 -0.000326 
2749 0.005021 
2750 0.009716 
2751 0.009716 
2752 0.005021 
2753 0.009716 
2754 0.014411 
2755 0.014411 
2756 0.019106 
2757 0.019106 
2758 0.023801 
2759 0.019106 
2760 0.024453 
2761 0.029801 
2762 0.034496 
2763 0.039191 
2764 0.044538 
2765 0.039843 
2766 0.039843 
2767 0.034496 
2768 0.029148 
2769 0.033843 
2770 0.029148 
2771 0.023801 
2772 0.023801 
2773 0.018453 
2774 0.023148 
2775 0.027843 
2776 0.022495 
2777 0.017800 
2778 0.012453 
2779 0.017800 
2780 0.017800 
2781 0.013105 
2782 0.013105 
2783 0.017800 
2784 0.012453 
2785 0.017800 
2786 0.012453 
2787 0.007758 
2788 0.002410 
2789 0.002410 
2790 0.007105 
2791 0.002410 
2792 0.002410 
2793 -0.002285 
2794 0.002410 
2795 -0.002937 
2796 -0.002937 
2797 0.002410 
2798 0.002410 
2799 -0.002937 
2800 0.001757 
2801 0.001757 
2802 0.007105 
2803 0.002410 
2804 -0.002285 
2805 -0.002285 
2806 -0.002285 
2807 -0.002285 
2808 -0.006979 
2809 -0.006979 
2810 -0.001632 
2811 -0.006327 
2812 -0.006327 
2813 -0.006327 
2814 -0.001632 
2815 -0.001632 
2816 -0.006979 
2817 -0.006979 
2818 -0.006979 
2819 -0.012327 
2820 -0.012327 
2821 -0.012327 
2822 -0.017022 
2823 -0.021717 
2824 -0.021717 
2825 -0.017022 
2826 -0.012327 
2827 -0.006979 
2828 -0.012327 
2829 -0.012327 
2830 -0.006979 
2831 -0.011674 
2832 -0.011674 
2833 -0.016369 
2834 -0.021064 
2835 -0.016369 
2836 -0.011022 
2837 -0.011022 
2838 -0.011022 
2839 -0.006327 
2840 -0.006327 
2841 -0.006327 
2842 -0.006327 
2843 -0.006327 
2844 -0.011674 
2845 -0.011674 
2846 -0.006979 
2847 -0.002285 
2848 -0.006979 
2849 -0.006979 
2850 -0.006979 
2851 -0.011674 
2852 -0.006979 
2853 -0.006979 
2854 -0.006979 
2855 -0.011674 
2856 -0.006327 
2857 -0.011674 
2858 -0.011674 
2859 -0.016369 
2860 -0.011674 
2861 -0.006979 
2862 -0.012327 
2863 -0.006979 
2864 -0.012327 
2865 -0.012327 
2866 -0.012327 
2867 -0.017022 
2868 -0.017022 
2869 -0.011674 
2870 -0.016369 
2871 -0.011674 
2872 -0.006327 
2873 -0.011022 
2874 -0.016369 
2875 -0.011674 
2876 -0.011674 
2877 -0.006327 
2878 -0.006327 
2879 -0.006327 
2880 -0.011674 
2881 -0.011674 
2882 -0.011674 
2883 -0.011674 
2884 -0.006327 
2885 -0.006327 
2886 -0.001632 
2887 0.003716 
2888 -0.000979 
2889 -0.000979 
2890 0.003716 
2891 0.009063 
2892 0.013758 
2893 0.008411 
2894 0.013758 
2895 0.008411 
2896 0.013105 
2897 0.013105 
2898 0.017800 
2899 0.017800 
2900 0.013105 
2901 0.007758 
2902 0.013105 
2903 0.013105 
2904 0.013105 
2905 0.013105 
2906 0.008411 
2907 0.003716 
2908 0.003716 
2909 0.008411 
2910 0.013105 
2911 0.007758 
2912 0.012453 
2913 0.017147 
2914 0.012453 
2915 0.017147 
2916 0.022495 
2917 0.017800 
2918 0.017800 
2919 0.017800 
2920 0.013105 
2921 0.018453 
2922 0.013758 
2923 0.019106 
2924 0.014411 
2925 0.009716 
2926 0.014411 
2927 0.019758 
2928 0.014411 
2929 0.019758 
2930 0.014411 
2931 0.014411 
2932 0.019758 
2933 0.019758 
2934 0.015064 
2935 0.015064 
2936 0.015064 
2937 0.015064 
2938 0.015064 
2939 0.009716 
2940 0.015064 
2941 0.009716 
2942 0.015064 
2943 0.009716 
2944 0.015064 
2945 0.009716 
2946 0.009716 
2947 0.005021 
2948 -0.000326 
2949 -0.000326 
2950 -0.000326 
2951 -0.000326 
2952 0.005021 
2953 0.005021 
2954 0.009716 
2955 0.014411 
2956 0.019758 
2957 0.024453 
2958 0.019758 
2959 0.024453 
2960 0.019758 
2961 0.025106 
2962 0.029801 
2963 0.029801 
2964 0.029801 
2965 0.035149 
2966 0.029801 
2967 0.029801 
2968 0.029801 
2969 0.029801 
2970 0.029801 
2971 0.025106 
2972 0.019758 
2973 0.019758 
2974 0.025106 
2975 0.025106 
2976 0.029801 
2977 0.034496 
2978 0.034496 
2979 0.029801 
2980 0.034496 
2981 0.039191 
2982 0.043885 
2983 0.048580 
2984 0.043233 
2985 0.038538 
2986 0.043233 
2987 0.037885 
2988 0.042580 
2989 0.042580 
2990 0.037885 
2991 0.037885 
2992 0.043233 
2993 0.037885 
2994 0.037885 
2995 0.033190 
2996 0.028495 
2997 0.028495 
2998 0.023801 
2999 0.023801 
3000 0.023801 
3001 0.019106 
3002 0.013758 
3003 0.018453 
3004 0.013105 
3005 0.017800 
3006 0.023148 
3007 0.028495 
3008 0.028495 
3009 0.023148 
3010 0.023148 
3011 0.017800 
3012 0.023148 
3013 0.023148 
3014 0.017800 
3015 0.017800 
3016 0.017800 
3017 0.023148 
3018 0.017800 
3019 0.017800 
3020 0.012453 
3021 0.017800 
3022 0.017800 
3023 0.017800 
3024 0.023148 
3025 0.018453 
3026 0.018453 
3027 0.018453 
3028 0.018453 
3029 0.018453 
3030 0.023148 
3031 0.028495 
3032 0.028495 
3033 0.023148 
3034 0.017800 
3035 0.013105 
3036 0.013105 
3037 0.017800 
3038 0.013105 
3039 0.008411 
3040 0.003063 
3041 -0.001632 
3042 -0.001632 
3043 -0.001632 
3044 -0.001632 
3045 -0.001632 
3046 -0.006979 
3047 -0.006979 
3048 -0.012327 
3049 -0.017022 
3050 -0.017022 
3051 -0.011674 
3052 -0.017022 
3053 -0.017022 
3054 -0.021717 
3055 -0.021717 
3056 -0.016369 
3057 -0.016369 
3058 -0.011022 
3059 -0.016369 
3060 -0.011022 
3061 -0.011022 
3062 -0.006327 
3063 -0.000979 
3064 -0.000979 
3065 0.003716 
3066 -0.001632 
3067 -0.006979 
3068 -0.006979 
3069 -0.006979 
3070 -0.006979 
3071 -0.001632 
3072 0.003063 
3073 0.008411 
3074 0.013105 
3075 0.013105 
3076 0.013105 
3077 0.013105 
3078 0.017800 
3079 0.022495 
3080 0.017147 
3081 0.021842 
3082 0.016495 
3083 0.011800 
3084 0.006452 
3085 0.011800 
3086 0.006452 
3087 0.001757 
3088 0.001757 
3089 0.007105 
3090 0.011800 
3091 0.007105 
3092 0.012453 
3093 0.017800 
3094 0.013105 
3095 0.018453 
3096 0.013105 
3097 0.017800 
3098 0.023148 
3099 0.023148 
3100 0.017800 
3101 0.013105 
3102 0.018453 
3103 0.023801 
3104 0.029148 
3105 0.029148 
3106 0.034496 
3107 0.029148 
3108 0.034496 
3109 0.039191 
3110 0.039191 
3111 0.033843 
3112 0.029148 
3113 0.024453 
3114 0.024453 
3115 0.019106 
3116 0.019106 
3117 0.024453 
3118 0.024453 
3119 0.024453 
3120 0.019758 
3121 0.024453 
3122 0.019106 
3123 0.013758 
3124 0.013758 
3125 0.008411 
3126 0.003716 
3127 0.008411 
3128 0.008411 
3129 0.008411 
3130 0.008411 
3131 0.013105 
3132 0.017800 
3133 0.012453 
3134 0.007758 
3135 0.013105 
3136 0.008411 
3137 0.003716 
3138 -0.000979 
3139 0.004368 
3140 -0.000979 
3141 -0.005674 
3142 -0.010369 
3143 -0.015064 
3144 -0.015064 
3145 -0.010369 
3146 -0.005021 
3147 -0.010369 
3148 -0.010369 
3149 -0.005674 
3150 -0.005674 
3151 -0.011022 
3152 -0.016369 
3153 -0.011674 
3154 -0.011674 
3155 -0.006327 
3156 -0.011022 
3157 -0.006327 
3158 -0.006327 
3159 -0.000979 
3160 -0.000979 
3161 0.003716 
3162 0.008411 
3163 0.008411 
3164 0.013758 
3165 0.019106 
3166 0.024453 
3167 0.019758 
3168 0.019758 
3169 0.014411 
3170 0.009716 
3171 0.004368 
3172 0.009063 
3173 0.009063 
3174 0.013758 
3175 0.018453 
3176 0.013105 
3177 0.013105 
3178 0.008411 
3179 0.008411 
3180 0.008411 
3181 0.013758 
3182 0.019106 
3183 0.013758 
3184 0.008411 
3185 0.003063 
3186 0.003063 
3187 -0.001632 
3188 -0.001632 
3189 0.003063 
3190 -0.002285 
3191 -0.002285 
3192 0.003063 
3193 0.003063 
3194 0.008411 
3195 0.003716 
3196 0.003716 
3197 0.003716 
3198 -0.000979 
3199 -0.000979 
3200 -0.000979 
3201 0.003716 
3202 0.003716 
3203 0.003716 
3204 0.008411 
3205 0.008411 
3206 0.013758 
3207 0.013758 
3208 0.008411 
3209 0.008411 
3210 0.003063 
3211 0.003063 
3212 0.008411 
3213 0.008411 
3214 0.008411 
3215 0.008411 
3216 0.008411 
3217 0.013105 
3218 0.018453 
3219 0.013105 
3220 0.007758 
3221 0.003063 
3222 -0.001632 
3223 0.003716 
3224 -0.000979 
3225 -0.000979 
3226 0.003716 
3227 -0.000979 
3228 -0.006327 
3229 -0.001632 
3230 -0.001632 
3231 -0.006979 
3232 -0.011674 
3233 -0.006979 
3234 -0.011674 
3235 -0.017022 
3236 -0.017022 
3237 -0.021717 
3238 -0.027064 
3239 -0.022370 
3240 -0.022370 
3241 -0.022370 
3242 -0.017675 
3243 -0.022370 
3244 -0.027717 
3245 -0.027717 
3246 -0.022370 
3247 -0.022370 
3248 -0.027717 
3249 -0.023022 
3250 -0.018327 
3251 -0.012980 
3252 -0.018327 
3253 -0.023675 
3254 -0.018980 
3255 -0.024328 
3256 -0.019633 
3257 -0.019633 
3258 -0.019633 
3259 -0.024981 
3260 -0.024981 
3261 -0.020286 
3262 -0.024981 
3263 -0.030328 
3264 -0.025633 
3265 -0.030328 
3266 -0.030328 
3267 -0.030328 
3268 -0.030328 
3269 -0.035676 
3270 -0.035676 
3271 -0.030981 
3272 -0.036328 
3273 -0.036328 
3274 -0.036328 
3275 -0.036328 
3276 -0.030981 
3277 -0.025633 
3278 -0.025633 
3279 -0.020286 
3280 -0.025633 
3281 -0.020938 
3282 -0.020938 
3283 -0.020938 
3284 -0.016244 
3285 -0.010896 
3286 -0.010896 
3287 -0.006201 
3288 -0.010896 
3289 -0.016244 
3290 -0.010896 
3291 -0.005548 
3292 -0.005548 
3293 -0.005548 
3294 -0.000201 
3295 -0.005548 
3296 -0.010896 
3297 -0.006201 
3298 -0.001506 
3299 -0.006201 
3300 -0.001506 
3301 0.003841 
3302 0.003841 
3303 0.003841 
3304 0.003841 
3305 0.008536 
3306 0.013231 
3307 0.017926 
3308 0.017926 
3309 0.012578 
3310 0.012578 
3311 0.007231 
3312 0.007231 
3313 0.011925 
3314 0.011925 
3315 0.011925 
3316 0.007231 
3317 0.011925 
3318 0.011925 
3319 0.006578 
3320 0.001230 
3321 0.006578 
3322 0.011273 
3323 0.015967 
3324 0.010620 
3325 0.005272 
3326 -0.000075 
3327 -0.005423 
3328 -0.010118 
3329 -0.014813 
3330 -0.019507 
3331 -0.019507 
3332 -0.019507 
3333 -0.024855 
3334 -0.024855 
3335 -0.029550 
3336 -0.034897 
3337 -0.034897 
3338 -0.029550 
3339 -0.034897 
3340 -0.034897 
3341 -0.034897 
3342 -0.029550 
3343 -0.029550 
3344 -0.029550 
3345 -0.024855 
3346 -0.024855 
3347 -0.024855 
3348 -0.030203 
3349 -0.030203 
3350 -0.035550 
3351 -0.030855 
3352 -0.026161 
3353 -0.026161 
3354 -0.026161 
3355 -0.021466 
3356 -0.021466 
3357 -0.021466 
3358 -0.016771 
3359 -0.022118 
3360 -0.022118 
3361 -0.026813 
3362 -0.021466 
3363 -0.026161 
3364 -0.021466 
3365 -0.021466 
3366 -0.021466 
3367 -0.021466 
3368 -0.026161 
3369 -0.031508 
3370 -0.036856 
3371 -0.032161 
3372 -0.032161 
3373 -0.037508 
3374 -0.032814 
3375 -0.032814 
3376 -0.038161 
3377 -0.032814 
3378 -0.028119 
3379 -0.023424 
3380 -0.023424 
3381 -0.028772 
3382 -0.023424 
3383 -0.028119 
3384 -0.022771 
3385 -0.027466 
3386 -0.022771 
3387 -0.022771 
3388 -0.022771 
3389 -0.022771 
3390 -0.028119 
3391 -0.028119 
3392 -0.033466 
3393 -0.028119 
3394 -0.028119 
3395 -0.023424 
3396 -0.023424 
3397 -0.028119 
3398 -0.028119 
3399 -0.023424 
3400 -0.018729 
3401 -0.024077 
3402 -0.019382 
3403 -0.019382 
3404 -0.024077 
3405 -0.018729 
3406 -0.018729 
3407 -0.023424 
3408 -0.023424 
3409 -0.018076 
3410 -0.023424 
3411 -0.028772 
3412 -0.023424 
3413 -0.028772 
3414 -0.033466 
3415 -0.038814 
3416 -0.033466 
3417 -0.038161 
3418 -0.038161 
3419 -0.038161 
3420 -0.033466 
3421 -0.028119 
3422 -0.028119 
3423 -0.033466 
3424 -0.033466 
3425 -0.038161 
3426 -0.043509 
3427 -0.038814 
3428 -0.038814 
3429 -0.044162 
3430 -0.044162 
3431 -0.038814 
3432 -0.044162 
3433 -0.049509 
3434 -0.054204 
3435 -0.054204 
3436 -0.059552 
3437 -0.064899 
3438 -0.060204 
3439 -0.065552 
3440 -0.060857 
3441 -0.065552 
3442 -0.065552 
3443 -0.065552 
3444 -0.060857 
3445 -0.055510 
3446 -0.055510 
3447 -0.050162 
3448 -0.044814 
3449 -0.044814 
3450 -0.044814 
3451 -0.044814 
3452 -0.040120 
3453 -0.035425 
3454 -0.040120 
3455 -0.034772 
3456 -0.040120 
3457 -0.044814 
3458 -0.040120 
3459 -0.044814 
3460 -0.039467 
3461 -0.034772 
3462 -0.039467 
3463 -0.044162 
3464 -0.044162 
3465 -0.044162 
3466 -0.048856 
3467 -0.043509 
3468 -0.048204 
3469 -0.053551 
3470 -0.048204 
3471 -0.048204 
3472 -0.048204 
3473 -0.053551 
3474 -0.048204 
3475 -0.048204 
3476 -0.043509 
3477 -0.043509 
3478 -0.038814 
3479 -0.043509 
3480 -0.048204 
3481 -0.048204 
3482 -0.048204 
3483 -0.048204 
3484 -0.048204 
3485 -0.053551 
3486 -0.053551 
3487 -0.058899 
3488 -0.054204 
3489 -0.054204 
3490 -0.048856 
3491 -0.044162 
3492 -0.048856 
3493 -0.044162 
3494 -0.044162 
3495 -0.044162 
3496 -0.049509 
3497 -0.044814 
3498 -0.050162 
3499 -0.050162 
3500 -0.050162 
3501 -0.050162 
3502 -0.045467 
3503 -0.040772 
3504 -0.045467 
3505 -0.050162 
3506 -0.050162 
3507 -0.050162 
3508 -0.055510 
3509 -0.055510 
3510 -0.050162 
3511 -0.044814 
3512 -0.044814 
3513 -0.044814 
3514 -0.050162 
3515 -0.054857 
3516 -0.059552 
3517 -0.054857 
3518 -0.049509 
3519 -0.054857 
3520 -0.054857 
3521 -0.054857 
3522 -0.049509 
3523 -0.044814 
3524 -0.040120 
3525 -0.044814 
3526 -0.049509 
3527 -0.054857 
3528 -0.049509 
3529 -0.044162 
3530 -0.044162 
3531 -0.048856 
3532 -0.054204 
3533 -0.054204 
3534 -0.048856 
3535 -0.043509 
3536 -0.038161 
3537 -0.032814 
3538 -0.037508 
3539 -0.032161 
3540 -0.026813 
3541 -0.031508 
3542 -0.036856 
3543 -0.031508 
3544 -0.031508 
3545 -0.036203 
3546 -0.031508 
3547 -0.026161 
3548 -0.021466 
3549 -0.016771 
3550 -0.011423 
3551 -0.016771 
3552 -0.011423 
3553 -0.016118 
3554 -0.010771 
3555 -0.015465 
3556 -0.015465 
3557 -0.015465 
3558 -0.015465 
3559 -0.020813 
3560 -0.016118 
3561 -0.011423 
3562 -0.011423 
3563 -0.016118 
3564 -0.016118 
3565 -0.016118 
3566 -0.020813 
3567 -0.020813 
3568 -0.020813 
3569 -0.020813 
3570 -0.025508 
3571 -0.020160 
3572 -0.024855 
3573 -0.020160 
3574 -0.024855 
3575 -0.030203 
3576 -0.035550 
3577 -0.030855 
3578 -0.025508 
3579 -0.025508 
3580 -0.020160 
3581 -0.024855 
3582 -0.029550 
3583 -0.034897 
3584 -0.039592 
3585 -0.039592 
3586 -0.039592 
3587 -0.039592 
3588 -0.034897 
3589 -0.030203 
3590 -0.024855 
3591 -0.024855 
3592 -0.030203 
3593 -0.025508 
3594 -0.030203 
3595 -0.034897 
3596 -0.029550 
3597 -0.024202 
3598 -0.028897 
3599 -0.028897 
3600 -0.024202 
3601 -0.024202 
3602 -0.029550 
3603 -0.024202 
3604 -0.024202 
3605 -0.024202 
3606 -0.024202 
3607 -0.028897 
3608 -0.024202 
3609 -0.024202 
3610 -0.024202 
3611 -0.029550 
3612 -0.029550 
3613 -0.029550 
3614 -0.029550 
3615 -0.029550 
3616 -0.029550 
3617 -0.034245 
3618 -0.038940 
3619 -0.038940 
3620 -0.044287 
3621 -0.044287 
3622 -0.038940 
3623 -0.044287 
3624 -0.044287 
3625 -0.038940 
3626 -0.034245 
3627 -0.029550 
3628 -0.024202 
3629 -0.019507 
3630 -0.014813 
3631 -0.020160 
3632 -0.025508 
3633 -0.020160 
3634 -0.025508 
3635 -0.020813 
3636 -0.025508 
3637 -0.020160 
3638 -0.024855 
3639 -0.029550 
3640 -0.034897 
3641 -0.040245 
3642 -0.044940 
3643 -0.039592 
3644 -0.034897 
3645 -0.039592 
3646 -0.044940 
3647 -0.044940 
3648 -0.039592 
3649 -0.039592 
3650 -0.034245 
3651 -0.038940 
3652 -0.043634 
3653 -0.048982 
3654 -0.043634 
3655 -0.048982 
3656 -0.054330 
3657 -0.048982 
3658 -0.054330 
3659 -0.049635 
3660 -0.044940 
3661 -0.050287 
3662 -0.054982 
3663 -0.049635 
3664 -0.054982 
3665 -0.049635 
3666 -0.044940 
3667 -0.044940 
3668 -0.040245 
3669 -0.035550 
3670 -0.040898 
3671 -0.040898 
3672 -0.040898 
3673 -0.035550 
3674 -0.040898 
3675 -0.040898 
3676 -0.035550 
3677 -0.030203 
3678 -0.025508 
3679 -0.025508 
3680 -0.030203 
3681 -0.025508 
3682 -0.020160 
3683 -0.015465 
3684 -0.020813 
3685 -0.025508 
3686 -0.030203 
3687 -0.034897 
3688 -0.029550 
3689 -0.029550 
3690 -0.024855 
3691 -0.019507 
3692 -0.019507 
3693 -0.024855 
3694 -0.024855 
3695 -0.030203 
3696 -0.025508 
3697 -0.020160 
3698 -0.020160 
3699 -0.024855 
3700 -0.020160 
3701 -0.024855 
3702 -0.019507 
3703 -0.019507 
3704 -0.014160 
3705 -0.014160 
3706 -0.008812 
3707 -0.003465 
3708 0.001883 
3709 -0.002812 
3710 -0.008159 
3711 -0.008159 
3712 -0.013507 
3713 -0.018855 
3714 -0.018855 
3715 -0.018855 
3716 -0.018855 
3717 -0.013507 
3718 -0.013507 
3719 -0.008159 
3720 -0.008159 
3721 -0.003465 
3722 0.001883 
3723 -0.003465 
3724 0.001230 
3725 0.005925 
3726 0.005925 
3727 0.010620 
3728 0.015967 
3729 0.011273 
3730 0.005925 
3731 0.000577 
3732 0.005925 
3733 0.010620 
3734 0.015315 
3735 0.020662 
3736 0.020662 
3737 0.020662 
3738 0.026010 
3739 0.021315 
3740 0.026663 
3741 0.021315 
3742 0.021315 
3743 0.026663 
3744 0.021968 
3745 0.016620 
3746 0.021968 
3747 0.017273 
3748 0.017273 
3749 0.022621 
3750 0.017926 
3751 0.012578 
3752 0.007883 
3753 0.013231 
3754 0.018578 
3755 0.023273 
3756 0.018578 
3757 0.023273 
3758 0.023273 
3759 0.027968 
3760 0.033316 
3761 0.038663 
3762 0.038663 
3763 0.044011 
3764 0.038663 
3765 0.033316 
3766 0.038011 
3767 0.043358 
3768 0.043358 
3769 0.043358 
3770 0.038011 
3771 0.033316 
3772 0.038011 
3773 0.043358 
3774 0.043358 
3775 0.043358 
3776 0.048706 
3777 0.054053 
3778 0.054053 
3779 0.054053 
3780 0.054053 
3781 0.058748 
3782 0.058748 
3783 0.058748 
3784 0.064096 
3785 0.059401 
3786 0.064749 
3787 0.060054 
3788 0.064749 
3789 0.064749 
3790 0.060054 
3791 0.055359 
3792 0.055359 
3793 0.060054 
3794 0.064749 
3795 0.059401 
3796 0.054053 
3797 0.054053 
3798 0.058748 
3799 0.053401 
3800 0.058095 
3801 0.058095 
3802 0.063443 
3803 0.063443 
3804 0.058748 
3805 0.054053 
3806 0.049359 
3807 0.044664 
3808 0.039316 
3809 0.039316 
3810 0.033969 
3811 0.028621 
3812 0.023273 
3813 0.017926 
3814 0.017926 
3815 0.017926 
3816 0.012578 
3817 0.017273 
3818 0.021968 
3819 0.016620 
3820 0.011273 
3821 0.005925 
3822 0.005925 
3823 0.005925 
3824 0.005925 
3825 0.011273 
3826 0.005925 
3827 0.010620 
3828 0.015967 
3829 0.015967 
3830 0.015967 
3831 0.021315 
3832 0.026663 
3833 0.021968 
3834 0.016620 
3835 0.011273 
3836 0.015967 
3837 0.015967 
3838 0.011273 
3839 0.005925 
3840 0.000577 
3841 0.005272 
3842 0.010620 
3843 0.015967 
3844 0.020662 
3845 0.020662 
3846 0.015967 
3847 0.021315 
3848 0.026663 
3849 0.031357 
3850 0.036705 
3851 0.041400 
3852 0.046748 
3853 0.042053 
3854 0.042053 
3855 0.037358 
3856 0.042053 
3857 0.042053 
3858 0.037358 
3859 0.037358 
3860 0.037358 
3861 0.032010 
3862 0.037358 
3863 0.032663 
3864 0.027315 
3865 0.021968 
3866 0.021968 
3867 0.021968 
3868 0.017273 
3869 0.017273 
3870 0.012578 
3871 0.007231 
3872 0.011925 
3873 0.006578 
3874 0.001883 
3875 0.001883 
3876 0.007231 
3877 0.007231 
3878 0.011925 
3879 0.011925 
3880 0.016620 
3881 0.016620 
3882 0.021968 
3883 0.027315 
3884 0.032010 
3885 0.027315 
3886 0.022621 
3887 0.027968 
3888 0.023273 
3889 0.017926 
3890 0.022621 
3891 0.027968 
3892 0.033316 
3893 0.033316 
3894 0.038663 
3895 0.033316 
3896 0.038663 
3897 0.033969 
3898 0.028621 
3899 0.023926 
3900 0.023926 
3901 0.029274 
3902 0.029274 
3903 0.033969 
3904 0.033969 
3905 0.033969 
3906 0.039316 
3907 0.044011 
3908 0.048706 
3909 0.043358 
3910 0.043358 
3911 0.038663 
3912 0.038663 
3913 0.038663 
3914 0.033316 
3915 0.038011 
3916 0.042705 
3917 0.038011 
3918 0.042705 
3919 0.037358 
3920 0.042705 
3921 0.042705 
3922 0.047400 
3923 0.042053 
3924 0.042053 
3925 0.047400 
3926 0.047400 
3927 0.047400 
3928 0.042705 
3929 0.048053 
3930 0.042705 
3931 0.047400 
3932 0.042053 
3933 0.042053 
3934 0.037358 
3935 0.032010 
3936 0.032010 
3937 0.027315 
3938 0.021968 
3939 0.021968 
3940 0.021968 
3941 0.026663 
3942 0.031357 
3943 0.031357 
3944 0.026010 
3945 0.020662 
3946 0.025357 
3947 0.025357 
3948 0.025357 
3949 0.025357 
3950 0.020662 
3951 0.015315 
3952 0.010620 
3953 0.015315 
3954 0.020662 
3955 0.020662 
3956 0.025357 
3957 0.025357 
3958 0.025357 
3959 0.030052 
3960 0.034747 
3961 0.030052 
3962 0.030052 
3963 0.030052 
3964 0.035400 
3965 0.030052 
3966 0.025357 
3967 0.020010 
3968 0.014662 
3969 0.014662 
3970 0.014662 
3971 0.019357 
3972 0.024704 
3973 0.024704 
3974 0.024704 
3975 0.024704 
3976 0.030052 
3977 0.025357 
3978 0.030705 
3979 0.036052 
3980 0.040747 
3981 0.035400 
3982 0.040094 
3983 0.035400 
3984 0.035400 
3985 0.030052 
3986 0.030052 
3987 0.035400 
3988 0.035400 
3989 0.030052 
3990 0.035400 
3991 0.030705 
3992 0.025357 
3993 0.030705 
3994 0.030705 
3995 0.026010 
3996 0.030705 
3997 0.035400 
3998 0.040747 
3999 0.046095 
4000 0.051442 
4001 0.056137 
4002 0.050790 
4003 0.045442 
4004 0.040747 
4005 0.035400 
4006 0.030705 
4007 0.030705 
4008 0.025357 
4009 0.020010 
4010 0.020010 
4011 0.025357 
4012 0.030705 
4013 0.026010 
4014 0.021315 
4015 0.026010 
4016 0.031357 
4017 0.031357 
4018 0.036052 
4019 0.041400 
4020 0.041400 
4021 0.036705 
4022 0.032010 
4023 0.026663 
4024 0.021315 
4025 0.026663 
4026 0.026663 
4027 0.021968 
4028 0.021968 
4029 0.017273 
4030 0.021968 
4031 0.027315 
4032 0.027315 
4033 0.022621 
4034 0.017926 
4035 0.017926 
4036 0.023273 
4037 0.017926 
4038 0.023273 
4039 0.017926 
4040 0.017926 
4041 0.017926 
4042 0.022621 
4043 0.022621 
4044 0.017273 
4045 0.012578 
4046 0.012578 
4047 0.012578 
4048 0.007231 
4049 0.012578 
4050 0.007883 
4051 0.012578 
4052 0.012578 
4053 0.017273 
4054 0.012578 
4055 0.012578 
4056 0.012578 
4057 0.012578 
4058 0.017926 
4059 0.017926 
4060 0.017926 
4061 0.012578 
4062 0.007231 
4063 0.001883 
4064 0.001883 
4065 0.001883 
4066 0.001883 
4067 0.001883 
4068 0.007231 
4069 0.002536 
4070 0.002536 
4071 0.007231 
4072 0.012578 
4073 0.017926 
4074 0.017926 
4075 0.017926 
4076 0.023273 
4077 0.023273 
4078 0.017926 
4079 0.017926 
4080 0.017926 
4081 0.023273 
4082 0.018578 
4083 0.023926 
4084 0.023926 
4085 0.018578 
4086 0.023926 
4087 0.023926 
4088 0.029274 
4089 0.033969 
4090 0.029274 
4091 0.029274 
4092 0.029274 
4093 0.029274 
4094 0.029274 
4095 0.034621 
4096 0.034621 
4097 0.029274 
4098 0.023926 
4099 0.019231 
4100 0.024579 
4101 0.019231 
4102 0.019231 
4103 0.019231 
4104 0.014536 
4105 0.009189 
4106 0.013884 
4107 0.009189 
4108 0.009189 
4109 0.013884 
4110 0.018578 
4111 0.013231 
4112 0.007883 
4113 0.013231 
4114 0.007883 
4115 0.003188 
4116 0.003188 
4117 -0.002159 
4118 -0.002159 
4119 -0.002159 
4120 -0.002159 
4121 -0.002159 
4122 -0.007507 
4123 -0.002812 
4124 -0.007507 
4125 -0.002812 
4126 -0.007507 
4127 -0.012202 
4128 -0.017549 
4129 -0.022897 
4130 -0.022897 
4131 -0.022897 
4132 -0.027592 
4133 -0.022244 
4134 -0.027592 
4135 -0.032939 
4136 -0.027592 
4137 -0.027592 
4138 -0.032939 
4139 -0.037634 
4140 -0.037634 
4141 -0.032939 
4142 -0.037634 
4143 -0.037634 
4144 -0.042329 
4145 -0.036981 
4146 -0.036981 
4147 -0.042329 
4148 -0.047024 
4149 -0.047024 
4150 -0.047024 
4151 -0.042329 
4152 -0.047024 
4153 -0.051719 
4154 -0.056413 
4155 -0.051066 
4156 -0.045718 
4157 -0.040371 
4158 -0.035023 
4159 -0.035023 
4160 -0.035023 
4161 -0.030328 
4162 -0.025633 
4163 -0.030328 
4164 -0.024981 
4165 -0.029675 
4166 -0.034370 
4167 -0.039065 
4168 -0.039065 
4169 -0.033717 
4170 -0.039065 
4171 -0.043760 
4172 -0.043760 
4173 -0.038412 
4174 -0.043760 
4175 -0.039065 
4176 -0.039065 
4177 -0.044413 
4178 -0.039718 
4179 -0.034370 
4180 -0.029675 
4181 -0.029675 
4182 -0.024981 
4183 -0.019633 
4184 -0.014938 
4185 -0.009591 
4186 -0.014938 
4187 -0.014938 
4188 -0.019633 
4189 -0.019633 
4190 -0.024981 
4191 -0.029675 
4192 -0.024328 
4193 -0.018980 
4194 -0.018980 
4195 -0.023675 
4196 -0.018980 
4197 -0.018980 
4198 -0.023675 
4199 -0.029023 
4200 -0.033717 
4201 -0.033717 
4202 -0.038412 
4203 -0.033065 
4204 -0.038412 
4205 -0.038412 
4206 -0.043107 
4207 -0.048455 
4208 -0.053802 
4209 -0.049107 
4210 -0.044413 
4211 -0.049107 
4212 -0.044413 
4213 -0.039065 
4214 -0.039065 
4215 -0.033717 
4216 -0.029023 
4217 -0.033717 
4218 -0.033717 
4219 -0.033717 
4220 -0.028370 
4221 -0.028370 
4222 -0.028370 
4223 -0.028370 
4224 -0.033717 
4225 -0.033717 
4226 -0.029023 
4227 -0.029023 
4228 -0.029023 
4229 -0.029023 
4230 -0.034370 
4231 -0.029675 
4232 -0.035023 
4233 -0.035023 
4234 -0.030328 
4235 -0.035676 
4236 -0.035676 
4237 -0.030328 
4238 -0.025633 
4239 -0.020286 
4240 -0.020286 
4241 -0.020286 
4242 -0.020286 
4243 -0.020286 
4244 -0.024981 
4245 -0.030328 
4246 -0.030328 
4247 -0.035676 
4248 -0.040371 
4249 -0.045065 
4250 -0.040371 
4251 -0.045718 
4252 -0.041023 
4253 -0.041023 
4254 -0.046371 
4255 -0.041676 
4256 -0.047024 
4257 -0.047024 
4258 -0.052371 
4259 -0.057719 
4260 -0.062414 
4261 -0.062414 
4262 -0.067761 
4263 -0.067761 
4264 -0.062414 
4265 -0.057719 
4266 -0.062414 
4267 -0.062414 
4268 -0.067761 
4269 -0.073109 
4270 -0.078456 
4271 -0.083151 
4272 -0.083151 
4273 -0.088499 
4274 -0.088499 
4275 -0.083151 
4276 -0.087846 
4277 -0.082499 
4278 -0.087193 
4279 -0.091888 
4280 -0.086541 
4281 -0.081193 
4282 -0.085888 
4283 -0.085888 
4284 -0.091235 
4285 -0.091235 
4286 -0.091235 
4287 -0.091235 
4288 -0.086541 
4289 -0.086541 
4290 -0.091888 
4291 -0.096583 
4292 -0.096583 
4293 -0.091235 
4294 -0.086541 
4295 -0.091235 
4296 -0.085888 
4297 -0.090583 
4298 -0.095278 
4299 -0.099972 
4300 -0.095278 
4301 -0.090583 
4302 -0.090583 
4303 -0.085235 
4304 -0.079888 
4305 -0.079888 
4306 -0.074540 
4307 -0.069192 
4308 -0.069192 
4309 -0.074540 
4310 -0.069192 
4311 -0.069192 
4312 -0.064498 
4313 -0.064498 
4314 -0.064498 
4315 -0.064498 
4316 -0.064498 
4317 -0.069192 
4318 -0.063845 
4319 -0.059150 
4320 -0.059150 
4321 -0.059150 
4322 -0.054455 
4323 -0.059150 
4324 -0.059150 
4325 -0.063845 
4326 -0.063845 
4327 -0.058497 
4328 -0.063845 
4329 -0.063845 
4330 -0.058497 
4331 -0.058497 
4332 -0.058497 
4333 -0.053802 
4334 -0.048455 
4335 -0.043107 
4336 -0.048455 
4337 -0.048455 
4338 -0.043760 
4339 -0.039065 
4340 -0.039065 
4341 -0.043760 
4342 -0.043760 
4343 -0.049107 
4344 -0.053802 
4345 -0.059150 
4346 -0.064498 
4347 -0.064498 
4348 -0.064498 
4349 -0.069192 
4350 -0.063845 
4351 -0.063845 
4352 -0.063845 
4353 -0.068540 
4354 -0.068540 
4355 -0.068540 
4356 -0.063192 
4357 -0.068540 
4358 -0.068540 
4359 -0.068540 
4360 -0.068540 
4361 -0.068540 
4362 -0.073234 
4363 -0.067887 
4364 -0.062539 
4365 -0.057192 
4366 -0.052497 
4367 -0.057844 
4368 -0.053150 
4369 -0.058497 
4370 -0.053802 
4371 -0.053802 
4372 -0.058497 
4373 -0.053150 
4374 -0.057844 
4375 -0.062539 
4376 -0.067887 
4377 -0.073234 
4378 -0.067887 
4379 -0.067887 
4380 -0.063192 
4381 -0.063192 
4382 -0.067887 
4383 -0.072582 
4384 -0.072582 
4385 -0.077929 
4386 -0.082624 
4387 -0.082624 
4388 -0.082624 
4389 -0.077929 
4390 -0.072582 
4391 -0.072582 
4392 -0.067234 
4393 -0.067234 
4394 -0.071929 
4395 -0.067234 
4396 -0.062539 
4397 -0.067234 
4398 -0.071929 
4399 -0.071929 
4400 -0.077276 
4401 -0.081971 
4402 -0.076624 
4403 -0.076624 
4404 -0.081319 
4405 -0.075971 
4406 -0.080666 
4407 -0.075318 
4408 -0.075318 
4409 -0.075318 
4410 -0.080666 
4411 -0.085361 
4412 -0.080666 
4413 -0.080666 
4414 -0.075318 
4415 -0.070623 
4416 -0.075318 
4417 -0.075318 
4418 -0.075318 
4419 -0.080666 
4420 -0.080666 
4421 -0.075971 
4422 -0.081319 
4423 -0.076624 
4424 -0.081319 
4425 -0.086013 
4426 -0.090708 
4427 -0.086013 
4428 -0.081319 
4429 -0.086013 
4430 -0.081319 
4431 -0.081319 
4432 -0.086666 
4433 -0.086666 
4434 -0.091361 
4435 -0.096056 
4436 -0.091361 
4437 -0.091361 
4438 -0.096056 
4439 -0.100751 
4440 -0.095403 
4441 -0.100751 
4442 -0.096056 
4443 -0.096056 
4444 -0.100751 
4445 -0.095403 
4446 -0.090708 
4447 -0.090708 
4448 -0.090708 
4449 -0.095403 
4450 -0.095403 
4451 -0.095403 
4452 -0.095403 
4453 -0.095403 
4454 -0.100751 
4455 -0.096056 
4456 -0.091361 
4457 -0.096709 
4458 -0.092014 
4459 -0.097361 
4460 -0.097361 
4461 -0.097361 
4462 -0.097361 
4463 -0.097361 
4464 -0.092014 
4465 -0.087319 
4466 -0.082624 
4467 -0.087319 
4468 -0.081971 
4469 -0.076624 
4470 -0.071276 
4471 -0.066581 
4472 -0.066581 
4473 -0.071276 
4474 -0.071276 
4475 -0.076624 
4476 -0.076624 
4477 -0.081971 
4478 -0.087319 
4479 -0.081971 
4480 -0.076624 
4481 -0.076624 
4482 -0.071929 
4483 -0.077276 
4484 -0.082624 
4485 -0.087319 
4486 -0.092667 
4487 -0.098014 
4488 -0.098014 
4489 -0.102709 
4490 -0.097361 
4491 -0.097361 
4492 -0.097361 
4493 -0.092014 
4494 -0.086666 
4495 -0.081971 
4496 -0.077276 
4497 -0.077276 
4498 -0.077276 
4499 -0.077276 
4500 -0.071929 
4501 -0.077276 
4502 -0.077276 
4503 -0.081971 
4504 -0.076624 
4505 -0.081971 
4506 -0.077276 
4507 -0.077276 
4508 -0.071929 
4509 -0.067234 
4510 -0.072582 
4511 -0.072582 
4512 -0.067887 
4513 -0.067887 
4514 -0.067887 
4515 -0.073234 
4516 -0.073234 
4517 -0.077929 
4518 -0.082624 
4519 -0.087319 
4520 -0.092014 
4521 -0.092014 
4522 -0.086666 
4523 -0.086666 
4524 -0.081319 
4525 -0.076624 
4526 -0.076624 
4527 -0.076624 
4528 -0.071929 
4529 -0.077276 
4530 -0.077276 
4531 -0.082624 
4532 -0.077929 
4533 -0.072582 
4534 -0.067887 
4535 -0.067887 
4536 -0.062539 
4537 -0.062539 
4538 -0.057192 
4539 -0.057192 
4540 -0.057192 
4541 -0.057192 
4542 -0.062539 
4543 -0.057192 
4544 -0.057192 
4545 -0.057192 
4546 -0.052497 
4547 -0.057844 
4548 -0.052497 
4549 -0.047802 
4550 -0.047802 
4551 -0.047802 
4552 -0.052497 
4553 -0.047149 
4554 -0.052497 
4555 -0.047149 
4556 -0.041802 
4557 -0.041802 
4558 -0.041802 
4559 -0.047149 
4560 -0.047149 
4561 -0.047149 
4562 -0.052497 
4563 -0.052497 
4564 -0.047149 
4565 -0.047149 
4566 -0.041802 
4567 -0.047149 
4568 -0.047149 
4569 -0.041802 
4570 -0.041802 
4571 -0.036454 
4572 -0.031759 
4573 -0.031759 
4574 -0.027064 
4575 -0.022370 
4576 -0.017022 
4577 -0.011674 
4578 -0.011674 
4579 -0.017022 
4580 -0.012327 
4581 -0.012327 
4582 -0.006979 
4583 -0.001632 
4584 -0.001632 
4585 -0.001632 
4586 -0.001632 
4587 0.003063 
4588 -0.001632 
4589 -0.006327 
4590 -0.001632 
4591 -0.006979 
4592 -0.001632 
4593 -0.001632 
4594 -0.001632 
4595 -0.006327 
4596 -0.006327 
4597 -0.011674 
4598 -0.011674 
4599 -0.016369 
4600 -0.021717 
4601 -0.016369 
4602 -0.011674 
4603 -0.017022 
4604 -0.011674 
4605 -0.011674 
4606 -0.006979 
4607 -0.012327 
4608 -0.017675 
4609 -0.017675 
4610 -0.012327 
4611 -0.012327 
4612 -0.007632 
4613 -0.002937 
4614 -0.002937 
4615 0.001757 
4616 0.001757 
4617 0.001757 
4618 0.001757 
4619 -0.003590 
4620 -0.003590 
4621 -0.008938 
4622 -0.008938 
4623 -0.003590 
4624 0.001757 
4625 0.001757 
4626 0.006452 
4627 0.001105 
4628 0.006452 
4629 0.006452 
4630 0.001757 
4631 -0.003590 
4632 -0.008285 
4633 -0.002937 
4634 -0.007632 
4635 -0.012980 
4636 -0.018327 
4637 -0.023675 
4638 -0.023675 
4639 -0.029023 
4640 -0.024328 
4641 -0.019633 
4642 -0.024981 
4643 -0.029675 
4644 -0.024981 
4645 -0.020286 
4646 -0.014938 
4647 -0.010243 
4648 -0.005548 
4649 -0.000854 
4650 -0.005548 
4651 -0.000201 
4652 0.004494 
4653 0.009842 
4654 0.005147 
4655 0.005147 
4656 -0.000201 
4657 -0.000201 
4658 -0.000201 
4659 -0.004896 
4660 -0.004896 
4661 -0.009591 
4662 -0.004896 
4663 -0.004896 
4664 -0.004896 
4665 -0.004896 
4666 -0.010243 
4667 -0.015591 
4668 -0.020286 
4669 -0.020286 
4670 -0.014938 
4671 -0.010243 
4672 -0.010243 
4673 -0.015591 
4674 -0.020938 
4675 -0.016244 
4676 -0.016244 
4677 -0.010896 
4678 -0.015591 
4679 -0.015591 
4680 -0.020938 
4681 -0.026286 
4682 -0.021591 
4683 -0.016244 
4684 -0.020938 
4685 -0.020938 
4686 -0.015591 
4687 -0.010243 
4688 -0.010243 
4689 -0.015591 
4690 -0.010243 
4691 -0.010243 
4692 -0.010243 
4693 -0.004896 
4694 0.000452 
4695 0.005800 
4696 0.010494 
4697 0.015842 
4698 0.011147 
4699 0.016495 
4700 0.021842 
4701 0.017147 
4702 0.017147 
4703 0.022495 
4704 0.027843 
4705 0.027843 
4706 0.022495 
4707 0.022495 
4708 0.022495 
4709 0.022495 
4710 0.022495 
4711 0.017147 
4712 0.017147 
4713 0.012453 
4714 0.007105 
4715 0.011800 
4716 0.016495 
4717 0.011800 
4718 0.011800 
4719 0.006452 
4720 0.011147 
4721 0.006452 
4722 0.006452 
4723 0.011147 
4724 0.005800 
4725 0.005800 
4726 0.010494 
4727 0.015189 
4728 0.009842 
4729 0.015189 
4730 0.015189 
4731 0.010494 
4732 0.010494 
4733 0.015842 
4734 0.020537 
4735 0.025884 
4736 0.020537 
4737 0.025884 
4738 0.021190 
4739 0.025884 
4740 0.025884 
4741 0.020537 
4742 0.015189 
4743 0.009842 
4744 0.009842 
4745 0.009842 
4746 0.005147 
4747 0.009842 
4748 0.015189 
4749 0.019884 
4750 0.025232 
4751 0.020537 
4752 0.025232 
4753 0.020537 
4754 0.015842 
4755 0.020537 
4756 0.020537 
4757 0.015189 
4758 0.020537 
4759 0.025232 
4760 0.030579 
4761 0.035274 
4762 0.030579 
4763 0.035927 
4764 0.040622 
4765 0.040622 
4766 0.040622 
4767 0.035274 
4768 0.029926 
4769 0.035274 
4770 0.035274 
4771 0.030579 
4772 0.030579 
4773 0.030579 
4774 0.025884 
4775 0.025884 
4776 0.030579 
4777 0.035927 
4778 0.040622 
4779 0.045316 
4780 0.045316 
4781 0.050011 
4782 0.044664 
4783 0.039316 
4784 0.033969 
4785 0.033969 
4786 0.033969 
4787 0.033969 
4788 0.029274 
4789 0.033969 
4790 0.029274 
4791 0.034621 
4792 0.029274 
4793 0.024579 
4794 0.024579 
4795 0.029274 
4796 0.023926 
4797 0.029274 
4798 0.023926 
4799 0.019231 
4800 0.013884 
4801 0.013884 
4802 0.013884 
4803 0.009189 
4804 0.003841 
4805 -0.000854 
4806 -0.005548 
4807 -0.005548 
4808 -0.000854 
4809 -0.005548 
4810 -0.005548 
4811 -0.010243 
4812 -0.014938 
4813 -0.014938 
4814 -0.014938 
4815 -0.019633 
4816 -0.024981 
4817 -0.024981 
4818 -0.024981 
4819 -0.024981 
4820 -0.029675 
4821 -0.024981 
4822 -0.024981 
4823 -0.020286 
4824 -0.015591 
4825 -0.020286 
4826 -0.020286 
4827 -0.025633 
4828 -0.020938 
4829 -0.016244 
4830 -0.011549 
4831 -0.006201 
4832 -0.000854 
4833 -0.000854 
4834 -0.000854 
4835 0.004494 
4836 -0.000854 
4837 -0.005548 
4838 -0.010243 
4839 -0.010243 
4840 -0.014938 
4841 -0.010243 
4842 -0.010243 
4843 -0.004896 
4844 -0.000201 
4845 -0.000201 
4846 -0.000201 
4847 -0.005548 
4848 -0.005548 
4849 -0.010896 
4850 -0.015591 
4851 -0.020938 
4852 -0.020938 
4853 -0.016244 
4854 -0.010896 
4855 -0.016244 
4856 -0.020938 
4857 -0.015591 
4858 -0.015591 
4859 -0.010896 
4860 -0.005548 
4861 -0.000201 
4862 0.004494 
4863 -0.000201 
4864 0.004494 
4865 0.004494 
4866 0.009189 
4867 0.013884 
4868 0.008536 
4869 0.013884 
4870 0.008536 
4871 0.013231 
4872 0.017926 
4873 0.013231 
4874 0.013231 
4875 0.008536 
4876 0.003188 
4877 0.008536 
4878 0.013884 
4879 0.018578 
4880 0.018578 
4881 0.013231 
4882 0.007883 
4883 0.007883 
4884 0.003188 
4885 0.008536 
4886 0.008536 
4887 0.013884 
4888 0.018578 
4889 0.023926 
4890 0.023926 
4891 0.023926 
4892 0.023926 
4893 0.019231 
4894 0.024579 
4895 0.024579 
4896 0.029926 
4897 0.024579 
4898 0.019231 
4899 0.014536 
4900 0.014536 
4901 0.014536 
4902 0.009189 
4903 0.003841 
4904 -0.001506 
4905 -0.006854 
4906 -0.011549 
4907 -0.006201 
4908 -0.010896 
4909 -0.005548 
4910 -0.005548 
4911 -0.000201 
4912 -0.005548 
4913 -0.010243 
4914 -0.005548 
4915 -0.005548 
4916 -0.005548 
4917 -0.000854 
4918 -0.006201 
4919 -0.006201 
4920 -0.010896 
4921 -0.010896 
4922 -0.015591 
4923 -0.010243 
4924 -0.015591 
4925 -0.015591 
4926 -0.010243 
4927 -0.005548 
4928 -0.010896 
4929 -0.005548 
4930 -0.010896 
4931 -0.005548 
4932 -0.010243 
4933 -0.004896 
4934 -0.004896 
4935 -0.000201 
4936 -0.000201 
4937 -0.000201 
4938 -0.000201 
4939 -0.000201 
4940 -0.004896 
4941 0.000452 
4942 0.005147 
4943 0.005147 
4944 0.000452 
4945 0.000452 
4946 0.000452 
4947 0.005800 
4948 0.000452 
4949 0.000452 
4950 0.000452 
4951 0.005800 
4952 0.001105 
4953 -0.004243 
4954 -0.004243 
4955 -0.008938 
4956 -0.003590 
4957 0.001105 
4958 0.001105 
4959 -0.004243 
4960 -0.004243 
4961 -0.004243 
4962 -0.004243 
4963 0.001105 
4964 0.006452 
4965 0.006452 
4966 0.001105 
4967 0.001105 
4968 0.006452 
4969 0.011147 
4970 0.016495 
4971 0.011800 
4972 0.017147 
4973 0.012453 
4974 0.012453 
4975 0.017800 
4976 0.012453 
4977 0.007758 
4978 0.012453 
4979 0.012453 
4980 0.007758 
4981 0.007758 
4982 0.013105 
4983 0.013105 
4984 0.013105 
4985 0.008411 
4986 0.013105 
4987 0.013105 
4988 0.013105 
4989 0.007758 
4990 0.007758 
4991 0.003063 
4992 -0.001632 
4993 0.003063 
4994 -0.002285 
4995 -0.007632 
4996 -0.012980 
4997 -0.007632 
4998 -0.002937 
4999 -0.008285 
5000 -0.003590 
