0.050000 -2.000000 -2.000000 -2.000000 -2.000000 -2.000000 -2.000000 0.000000
0.100000 -2.000000 -2.000000 -2.000000 -2.000000 -2.000000 -2.000000 0.000000
0.150000 -2.000000 -2.000000 -2.000000 -2.000000 -2.000000 -2.000000 0.000000
0.200000 -2.000000 -2.000000 -2.000000 -2.000000 -2.000000 -2.000000 0.000000
0.250000 -2.000000 -2.000000 -2.000000 -2.000000 -2.000000 -2.000000 0.000000
0.300000 -2.000000 -2.000000 -2.000000 -2.000000 -2.000000 -2.000000 0.000000
0.350000 -2.000000 -2.000000 -2.000000 -2.000000 -2.000000 -2.000000 0.000000
0.400000 -2.000000 -2.000000 -2.000000 -2.000000 -2.000000 -2.000000 0.000000
0.450000 -2.000000 -2.000000 -2.000000 -2.000000 -2.000000 -2.000000 0.000000
0.500000 -2.000000 -2.000000 -2.000000 -2.000000 -2.000000 -2.000000 0.000000
0.550000 -2.000000 -2.000000 -2.000000 -2.000000 -2.000000 -2.000000 0.000000
0.600000 -2.000000 -2.000000 -2.000000 -2.000000 -2.000000 -2.000000 0.000000
0.650000 -2.000000 -1.999950 -1.999950 -1.999950 -2.000000 -1.999970 0.000012
0.700000 -1.999900 -1.999950 -1.999900 -1.999900 -1.999950 -1.999920 0.000012
0.750000 -1.999800 -1.999850 -1.999750 -1.999850 -1.999750 -1.999800 0.000022
0.800000 -1.999700 -1.999850 -1.999750 -1.999600 -1.999900 -1.999760 0.000053
0.850000 -1.999400 -1.999525 -1.998975 -1.999300 -1.999475 -1.999335 0.000098
0.900000 -1.998900 -1.998675 -1.998850 -1.998600 -1.999050 -1.998815 0.000080
0.950000 -1.997950 -1.998100 -1.998600 -1.998075 -1.998450 -1.998235 0.000123
1.000000 -1.997625 -1.997000 -1.997775 -1.997425 -1.997650 -1.997495 0.000136
1.050000 -1.994775 -1.996025 -1.996275 -1.995900 -1.995825 -1.995760 0.000258
1.100000 -1.993950 -1.994475 -1.993975 -1.994900 -1.992950 -1.994050 0.000326
1.150000 -1.990900 -1.991350 -1.992325 -1.991700 -1.991650 -1.991585 0.000233
1.200000 -1.988825 -1.987225 -1.989325 -1.987325 -1.988875 -1.988315 0.000434
1.250000 -1.982425 -1.984775 -1.983700 -1.984350 -1.984975 -1.984045 0.000460
1.300000 -1.980225 -1.979475 -1.977825 -1.979925 -1.980600 -1.979610 0.000483
1.350000 -1.972475 -1.974475 -1.974650 -1.971250 -1.973400 -1.973250 0.000636
1.400000 -1.967600 -1.967725 -1.968375 -1.969825 -1.967975 -1.968300 0.000404
1.450000 -1.959775 -1.960400 -1.963800 -1.960375 -1.961000 -1.961070 0.000709
1.500000 -1.949725 -1.951075 -1.950600 -1.950950 -1.951875 -1.950845 0.000349
1.550000 -1.938750 -1.938100 -1.939650 -1.938025 -1.942750 -1.939455 0.000874
1.600000 -1.929250 -1.927325 -1.927825 -1.925575 -1.929525 -1.927900 0.000714
1.650000 -1.912225 -1.917350 -1.912050 -1.912225 -1.913375 -1.913445 0.001004
1.700000 -1.900675 -1.897725 -1.898875 -1.900625 -1.894600 -1.898500 0.001122
1.750000 -1.885575 -1.873450 -1.882300 -1.879475 -1.878650 -1.879890 0.002016
1.800000 -1.863250 -1.852625 -1.856250 -1.860925 -1.860100 -1.858630 0.001877
1.850000 -1.833050 -1.832475 -1.837075 -1.837000 -1.832425 -1.834405 0.001080
1.900000 -1.815925 -1.809600 -1.806850 -1.805275 -1.806525 -1.808835 0.001908
1.950000 -1.780625 -1.785725 -1.776100 -1.783300 -1.781200 -1.781390 0.001598
2.000000 -1.748900 -1.749225 -1.751800 -1.748475 -1.744000 -1.748480 0.001261
2.050000 -1.705950 -1.709075 -1.702150 -1.707175 -1.710775 -1.707025 0.001470
2.100000 -1.673475 -1.663800 -1.660800 -1.676500 -1.668350 -1.668585 0.002916
2.150000 -1.604225 -1.606525 -1.612300 -1.598050 -1.605600 -1.605340 0.002284
2.200000 -1.546450 -1.538800 -1.549050 -1.551450 -1.544000 -1.545950 0.002180
2.250000 -1.479800 -1.477575 -1.478300 -1.478825 -1.477250 -1.478350 0.000455
2.300000 -1.406325 -1.386150 -1.401775 -1.402575 -1.398700 -1.399105 0.003459
2.350000 -1.316800 -1.305075 -1.324975 -1.323825 -1.303525 -1.314840 0.004531
2.400000 -1.238075 -1.231475 -1.247675 -1.236775 -1.244225 -1.239645 0.002854
2.450000 -1.173400 -1.161050 -1.155975 -1.169875 -1.192500 -1.170560 0.006297
2.500000 -1.110375 -1.117050 -1.127425 -1.132300 -1.121025 -1.121635 0.003843
2.550000 -1.075675 -1.077250 -1.075475 -1.078825 -1.078075 -1.077060 0.000656
2.600000 -1.039025 -1.039550 -1.033500 -1.037750 -1.037075 -1.037380 0.001065
2.650000 -0.990600 -0.996725 -0.991900 -1.001925 -0.999450 -0.996120 0.002161
2.700000 -0.964300 -0.963800 -0.969600 -0.981775 -0.958425 -0.967580 0.003965
2.750000 -0.933275 -0.940000 -0.940575 -0.938875 -0.941425 -0.938830 0.001449
2.800000 -0.910150 -0.911750 -0.906475 -0.911400 -0.905275 -0.909010 0.001321
2.850000 -0.882875 -0.885600 -0.878925 -0.883925 -0.886025 -0.883470 0.001270
2.900000 -0.870025 -0.857800 -0.863725 -0.860550 -0.847850 -0.859990 0.003655
2.950000 -0.837500 -0.844850 -0.839950 -0.839600 -0.841600 -0.840700 0.001226
3.000000 -0.821525 -0.811300 -0.818475 -0.824475 -0.824175 -0.819990 0.002427
3.050000 -0.798675 -0.801025 -0.803400 -0.808250 -0.803225 -0.802915 0.001587
3.100000 -0.788900 -0.779950 -0.783350 -0.773375 -0.781025 -0.781320 0.002517
3.150000 -0.760850 -0.763400 -0.765525 -0.759800 -0.758425 -0.761600 0.001275
3.200000 -0.748275 -0.748575 -0.741875 -0.757250 -0.749275 -0.749050 0.002445
3.250000 -0.735075 -0.734925 -0.734350 -0.729050 -0.733275 -0.733335 0.001117
3.300000 -0.716000 -0.718750 -0.721825 -0.705100 -0.722375 -0.716810 0.003144
3.350000 -0.701900 -0.700175 -0.699825 -0.701375 -0.706775 -0.702010 0.001250
3.400000 -0.683775 -0.689600 -0.690175 -0.690500 -0.686925 -0.688195 0.001272
3.450000 -0.679025 -0.669575 -0.675775 -0.670625 -0.669200 -0.672840 0.001945
3.500000 -0.662600 -0.668100 -0.664950 -0.670800 -0.662450 -0.665780 0.001620
3.550000 -0.649025 -0.646775 -0.646875 -0.656150 -0.646400 -0.649045 0.001835
3.600000 -0.636300 -0.630125 -0.635700 -0.639600 -0.636250 -0.635595 0.001531
3.650000 -0.627400 -0.622150 -0.623025 -0.626500 -0.629600 -0.625735 0.001387
3.700000 -0.608600 -0.612375 -0.611300 -0.622200 -0.618450 -0.614585 0.002494
3.750000 -0.614525 -0.610150 -0.618200 -0.599075 -0.606225 -0.609635 0.003322
3.800000 -0.589775 -0.595650 -0.595775 -0.590350 -0.596050 -0.593520 0.001416
3.850000 -0.585025 -0.584125 -0.586525 -0.589200 -0.581800 -0.585335 0.001233
3.900000 -0.569175 -0.573825 -0.575750 -0.578000 -0.569975 -0.573345 0.001680
3.950000 -0.570550 -0.566350 -0.561625 -0.569300 -0.564875 -0.566540 0.001592
4.000000 -0.560775 -0.558975 -0.563900 -0.557850 -0.557125 -0.559725 0.001212
4.050000 -0.554975 -0.555100 -0.556375 -0.558200 -0.548775 -0.554685 0.001587
4.100000 -0.541825 -0.545450 -0.540550 -0.544200 -0.548250 -0.544055 0.001357
4.150000 -0.535750 -0.533700 -0.529950 -0.529250 -0.537950 -0.533320 0.001664
4.200000 -0.532050 -0.534475 -0.528925 -0.529950 -0.533825 -0.531845 0.001072
4.250000 -0.507725 -0.526150 -0.516700 -0.515000 -0.523250 -0.517765 0.003240
4.300000 -0.512975 -0.505350 -0.513975 -0.504525 -0.513700 -0.510105 0.002120
4.350000 -0.502050 -0.499450 -0.502400 -0.507325 -0.505500 -0.503345 0.001382
4.400000 -0.505125 -0.498375 -0.500100 -0.498325 -0.498300 -0.500045 0.001315
4.450000 -0.484125 -0.492275 -0.495700 -0.488125 -0.491925 -0.490430 0.001981
4.500000 -0.487450 -0.482800 -0.490850 -0.484700 -0.481500 -0.485460 0.001678
4.550000 -0.476225 -0.478225 -0.475700 -0.474600 -0.481825 -0.477315 0.001272
4.600000 -0.480900 -0.472000 -0.474825 -0.469775 -0.472450 -0.473990 0.001905
4.650000 -0.465050 -0.466400 -0.469175 -0.476425 -0.466525 -0.468715 0.002040
4.700000 -0.466350 -0.460400 -0.457225 -0.462150 -0.459000 -0.461025 0.001558
4.750000 -0.459175 -0.447525 -0.457350 -0.457800 -0.453550 -0.455080 0.002106
4.800000 -0.450275 -0.446225 -0.444700 -0.449150 -0.451750 -0.448420 0.001298
4.850000 -0.447550 -0.448450 -0.440825 -0.450125 -0.453725 -0.448135 0.002111
4.900000 -0.438950 -0.440650 -0.442400 -0.437175 -0.446025 -0.441040 0.001519
4.950000 -0.433600 -0.426625 -0.436675 -0.436750 -0.434200 -0.433570 0.001849
5.000000 -0.424950 -0.426950 -0.435575 -0.432125 -0.434750 -0.430870 0.002112
